userID;scenarioID;controlMode;elapsedTimeSinceAccess;activeRequests;succeededRequests;mousePositionX;mousePositionY;usingMultiView;usingSingleViewMain;EyeGazeArea;mouseClickLeft;mouseClickRight;pressLeftCtrl;pressShift;
AS21;10;Trajectory;0,0;4;0;1645;627;False;False;None;0;0;0;0;
AS21;10;Trajectory;0,1;4;0;1669;846;False;False;None;0;0;0;0;
AS21;10;Trajectory;0,2;4;0;1669;846;False;False;None;0;0;0;0;
AS21;10;Trajectory;0,3;4;0;1669;846;False;False;None;0;0;0;0;
AS21;10;Trajectory;0,4;4;0;1656;826;False;False;None;0;0;0;0;
AS21;10;Trajectory;0,5;4;0;1575;805;False;False;None;0;0;0;0;
AS21;10;Trajectory;0,6;4;0;1229;818;False;False;None;0;0;0;0;
AS21;10;Trajectory;0,7;4;0;739;892;False;False;None;0;0;0;0;
AS21;10;Trajectory;0,8;4;0;490;906;False;False;None;0;0;0;0;
AS21;10;Trajectory;0,9;4;0;333;902;False;False;None;0;0;0;0;
AS21;10;Trajectory;1,0;4;0;256;1028;False;False;None;0;0;0;0;
AS21;10;Trajectory;1,1;4;0;189;1070;False;False;None;0;0;0;0;
AS21;10;Trajectory;1,2;4;0;157;1102;False;False;None;1;0;0;0;
AS21;10;Trajectory;1,3;4;0;812;1050;False;False;None;1;0;0;0;
AS21;10;Trajectory;1,4;4;0;861;1039;False;True;None;1;0;0;0;
AS21;10;Trajectory;1,5;4;0;871;1049;False;True;None;1;0;0;0;
AS21;10;Trajectory;1,6;4;0;997;1047;False;True;None;1;0;0;0;
AS21;10;Trajectory;1,7;4;0;1197;945;False;True;None;1;0;0;0;
AS21;10;Trajectory;1,8;4;0;1417;858;False;True;None;1;0;0;0;
AS21;10;Trajectory;1,9;4;0;1897;816;False;True;None;1;0;0;0;
AS21;10;Trajectory;2,0;4;0;2075;867;False;True;SecondaryView;1;0;0;0;
AS21;10;Trajectory;2,1;4;0;2037;868;False;True;SecondaryView;1;0;0;0;
AS21;10;Trajectory;2,2;4;0;2019;833;False;True;SecondaryView;1;0;0;0;
AS21;10;Trajectory;2,3;4;0;2051;853;False;True;None;1;0;0;0;
AS21;10;Trajectory;2,4;4;0;2089;892;False;True;None;1;0;0;0;
AS21;10;Trajectory;2,5;4;0;2156;941;False;True;None;1;0;0;0;
AS21;10;Trajectory;2,6;4;0;2170;942;False;True;None;1;0;0;0;
AS21;10;Trajectory;2,7;4;0;2167;942;False;True;None;1;0;0;0;
AS21;10;Trajectory;2,8;4;0;2191;976;False;True;None;1;0;0;0;
AS21;10;Trajectory;2,9;4;0;2188;928;False;True;None;1;0;0;0;
AS21;10;Trajectory;3,0;4;0;2205;930;False;True;None;1;0;0;0;
AS21;10;Trajectory;3,1;4;0;2254;990;False;True;None;1;0;0;0;
AS21;10;Trajectory;3,2;4;0;2387;1112;False;True;None;1;0;0;0;
AS21;10;Trajectory;3,3;4;0;2394;1138;False;True;None;1;0;0;0;
AS21;10;Trajectory;3,4;4;0;2453;875;False;True;None;2;0;0;0;
AS21;10;Trajectory;3,5;4;0;2481;532;False;True;None;2;0;0;0;
AS21;10;Trajectory;3,6;4;0;2499;287;False;True;None;2;0;0;0;
AS21;10;Trajectory;3,7;4;0;2492;423;False;True;SecondaryView;2;0;0;0;
AS21;10;Trajectory;3,8;4;0;2419;724;False;True;None;2;0;0;0;
AS21;10;Trajectory;3,9;4;0;2366;920;False;True;None;2;0;0;0;
AS21;10;Trajectory;4,0;4;0;2359;952;False;True;None;2;0;0;0;
AS21;10;Trajectory;4,1;4;0;2387;669;False;True;None;3;0;0;0;
AS21;10;Trajectory;4,2;4;0;2356;399;False;True;None;3;0;0;0;
AS21;10;Trajectory;4,3;4;0;2331;437;False;True;None;3;0;0;0;
AS21;10;Trajectory;4,4;4;0;2272;661;False;True;None;3;0;0;0;
AS21;10;Trajectory;4,5;4;0;2251;699;False;True;None;3;0;0;0;
AS21;10;Trajectory;4,6;4;0;2244;706;False;True;None;3;0;0;0;
AS21;10;Trajectory;4,7;4;0;2226;727;False;True;None;3;0;0;0;
AS21;10;Trajectory;4,8;4;0;2195;773;False;True;None;3;0;0;0;
AS21;10;Trajectory;4,9;4;0;2191;818;False;True;SecondaryView;3;0;0;0;
AS21;10;Trajectory;5,0;4;0;2215;850;False;True;None;3;0;0;0;
AS21;10;Trajectory;5,1;4;0;2215;853;False;True;None;3;0;0;0;
AS21;10;Trajectory;5,2;4;0;2215;851;False;True;None;3;0;0;0;
AS21;10;Trajectory;5,3;4;0;2184;749;False;True;None;3;0;0;0;
AS21;10;Trajectory;5,4;4;0;2181;690;False;True;None;3;0;0;0;
AS21;10;Trajectory;5,5;4;0;2181;662;False;True;SecondaryView;3;0;0;0;
AS21;10;Trajectory;5,6;4;0;2184;634;False;True;SecondaryView;3;0;0;0;
AS21;10;Trajectory;5,7;4;0;2194;609;False;True;SecondaryView;3;0;0;0;
AS21;10;Trajectory;5,8;4;0;2198;609;False;True;SecondaryView;3;0;0;0;
AS21;10;Trajectory;5,9;4;0;2201;615;False;True;SecondaryView;3;0;0;0;
AS21;10;Trajectory;6,0;4;0;2205;654;False;True;None;3;0;0;0;
AS21;10;Trajectory;6,1;4;0;2212;668;False;True;SecondaryView;3;0;0;0;
AS21;10;Trajectory;6,2;4;0;2212;668;False;True;None;3;0;0;0;
AS21;10;Trajectory;6,3;4;0;2212;668;False;True;None;3;0;0;0;
AS21;10;Trajectory;6,4;4;0;2212;668;False;True;SecondaryView;3;0;0;0;
AS21;10;Trajectory;6,5;4;0;2212;668;False;True;SecondaryView;3;0;0;0;
AS21;10;Trajectory;6,6;4;0;2212;668;False;True;SecondaryView;3;0;0;0;
AS21;10;Trajectory;6,7;4;0;2212;668;False;True;SecondaryView;3;0;0;0;
AS21;10;Trajectory;6,8;4;0;2212;668;False;True;SecondaryView;3;0;0;0;
AS21;10;Trajectory;6,9;4;0;2212;668;False;True;SecondaryView;3;0;0;0;
AS21;10;Trajectory;7,0;4;0;2212;668;False;True;SecondaryView;3;0;1;0;
AS21;10;Trajectory;7,1;4;0;2212;668;False;True;SecondaryView;3;0;1;0;
AS21;10;Trajectory;7,2;4;0;2212;675;False;True;SecondaryView;3;0;1;0;
AS21;10;Trajectory;7,3;4;0;2215;678;False;True;None;3;0;1;0;
AS21;10;Trajectory;7,4;4;0;2215;678;False;True;SecondaryView;3;0;1;0;
AS21;10;Trajectory;7,5;4;0;2215;678;False;True;SecondaryView;3;0;1;0;
AS21;10;Trajectory;7,6;4;0;2212;678;False;True;SecondaryView;3;0;1;0;
AS21;10;Trajectory;7,7;4;0;2205;678;False;True;SecondaryView;3;0;1;0;
AS21;10;Trajectory;7,8;4;0;2205;676;False;True;SecondaryView;3;0;1;0;
AS21;10;Trajectory;7,9;4;0;2205;676;False;True;SecondaryView;3;0;1;0;
AS21;10;Trajectory;8,0;4;0;2205;676;False;True;SecondaryView;3;0;1;0;
AS21;10;Trajectory;8,1;4;0;2205;676;False;True;SecondaryView;3;0;1;0;
AS21;10;Trajectory;8,2;4;0;2205;676;False;True;SecondaryView;3;0;1;0;
AS21;10;Trajectory;8,3;4;0;2208;676;False;True;SecondaryView;3;0;1;0;
AS21;10;Trajectory;8,4;4;0;2212;676;False;True;SecondaryView;3;0;1;0;
AS21;10;Trajectory;8,5;4;0;2212;676;False;True;SecondaryView;3;0;1;0;
AS21;10;Trajectory;8,6;4;0;2212;676;False;True;SecondaryView;3;0;1;0;
AS21;10;Trajectory;8,7;4;0;2212;676;False;True;SecondaryView;3;0;1;0;
AS21;10;Trajectory;8,8;4;0;2212;676;False;True;SecondaryView;3;0;1;0;
AS21;10;Trajectory;8,9;4;0;2212;676;False;True;SecondaryView;3;1;1;0;
AS21;10;Trajectory;9,0;4;0;2212;676;False;True;SecondaryView;3;1;1;0;
AS21;10;Trajectory;9,1;4;0;2212;676;False;True;SecondaryView;3;1;1;0;
AS21;10;Trajectory;9,2;4;0;2212;676;False;True;SecondaryView;3;1;1;0;
AS21;10;Trajectory;9,3;4;0;2212;676;False;True;SecondaryView;3;1;1;0;
AS21;10;Trajectory;9,4;4;0;2212;676;False;True;SecondaryView;3;1;1;0;
AS21;10;Trajectory;9,5;4;0;2209;692;False;True;SecondaryView;3;1;1;0;
AS21;10;Trajectory;9,6;4;0;2209;703;False;True;SecondaryView;3;1;1;0;
AS21;10;Trajectory;9,7;4;0;2209;706;False;True;SecondaryView;3;1;1;0;
AS21;10;Trajectory;9,8;4;0;2209;713;False;True;SecondaryView;3;1;1;0;
AS21;10;Trajectory;9,9;4;0;2212;731;False;True;SecondaryView;3;1;1;0;
AS21;10;Trajectory;10,0;4;0;2212;759;False;True;SecondaryView;3;1;1;0;
AS21;10;Trajectory;10,1;4;0;2212;773;False;True;SecondaryView;3;1;1;0;
AS21;10;Trajectory;10,2;4;0;2212;804;False;True;SecondaryView;3;1;1;0;
AS21;10;Trajectory;10,3;4;0;2202;853;False;True;None;3;1;1;0;
AS21;10;Trajectory;10,4;4;0;2202;864;False;True;None;3;1;1;0;
AS21;10;Trajectory;10,5;4;0;2202;871;False;True;SecondaryView;3;1;1;0;
AS21;10;Trajectory;10,6;4;0;2205;892;False;True;SecondaryView;3;1;1;0;
AS21;10;Trajectory;10,7;4;0;2208;902;False;True;SecondaryView;3;1;1;0;
AS21;10;Trajectory;10,8;4;0;2208;906;False;True;None;3;1;1;0;
AS21;10;Trajectory;10,9;4;0;2208;906;False;True;None;3;1;1;0;
AS21;10;Trajectory;11,0;4;0;2208;906;False;True;None;3;2;1;0;
AS21;10;Trajectory;11,1;4;0;2208;906;False;True;None;3;2;1;0;
AS21;10;Trajectory;11,2;4;0;2212;916;False;True;SecondaryView;3;2;1;0;
AS21;10;Trajectory;11,3;4;0;2212;920;False;True;SecondaryView;3;2;1;0;
AS21;10;Trajectory;11,4;4;0;2212;930;False;True;SecondaryView;3;2;1;0;
AS21;10;Trajectory;11,5;4;0;2212;930;False;True;SecondaryView;3;2;1;0;
AS21;10;Trajectory;11,6;4;0;2212;930;False;True;SecondaryView;3;2;1;0;
AS21;10;Trajectory;11,7;4;0;2212;930;False;True;SecondaryView;3;2;1;0;
AS21;10;Trajectory;11,8;4;0;2209;930;False;True;SecondaryView;3;2;1;0;
AS21;10;Trajectory;11,9;4;0;2191;921;False;True;SecondaryView;3;2;1;0;
AS21;10;Trajectory;12,0;4;0;2184;907;False;True;SecondaryView;3;2;1;0;
AS21;10;Trajectory;12,1;4;0;2184;889;False;True;SecondaryView;3;2;1;0;
AS21;10;Trajectory;12,2;4;0;2184;879;False;True;SecondaryView;3;2;1;0;
AS21;10;Trajectory;12,3;4;0;2187;872;False;True;SecondaryView;3;2;1;0;
AS21;10;Trajectory;12,4;4;0;2187;872;False;True;SecondaryView;3;2;1;0;
AS21;10;Trajectory;12,5;4;0;2191;872;False;True;None;3;2;1;0;
AS21;10;Trajectory;12,6;4;0;2191;872;False;True;None;3;2;1;0;
AS21;10;Trajectory;12,7;4;0;2191;872;False;True;None;3;2;1;0;
AS21;10;Trajectory;12,8;4;0;2198;878;False;True;None;3;2;1;0;
AS21;10;Trajectory;12,9;4;0;2208;888;False;True;None;3;2;1;0;
AS21;10;Trajectory;13,0;4;0;2208;888;False;True;None;3;2;1;0;
AS21;10;Trajectory;13,1;4;0;2208;888;False;True;None;3;2;1;0;
AS21;10;Trajectory;13,2;4;0;2208;888;False;True;None;3;2;1;0;
AS21;10;Trajectory;13,3;4;0;2208;888;False;True;None;3;2;1;0;
AS21;10;Trajectory;13,4;4;0;2208;888;False;True;None;3;2;1;0;
AS21;10;Trajectory;13,5;4;0;2195;888;False;True;None;3;2;1;0;
AS21;10;Trajectory;13,6;4;0;2191;892;False;True;None;3;2;1;0;
AS21;10;Trajectory;13,7;4;0;2191;892;False;True;None;3;2;1;0;
AS21;10;Trajectory;13,8;4;0;2191;906;False;True;None;3;2;1;0;
AS21;10;Trajectory;13,9;4;0;2191;909;False;True;None;3;2;1;0;
AS21;10;Trajectory;14,0;4;0;2191;909;False;True;None;3;2;1;0;
AS21;10;Trajectory;14,1;4;0;2191;909;False;True;None;3;2;1;0;
AS21;10;Trajectory;14,2;4;0;2191;909;False;True;None;3;2;1;0;
AS21;10;Trajectory;14,3;4;0;2191;909;False;True;None;3;3;1;0;
AS21;10;Trajectory;14,4;4;0;2191;909;False;True;None;3;3;1;0;
AS21;10;Trajectory;14,5;4;0;2198;916;False;True;None;3;3;1;0;
AS21;10;Trajectory;14,6;4;0;2198;916;False;True;SecondaryView;3;3;1;0;
AS21;10;Trajectory;14,7;4;0;2201;920;False;True;None;3;3;1;0;
AS21;10;Trajectory;14,8;4;0;2201;920;False;True;None;3;3;1;0;
AS21;10;Trajectory;14,9;4;0;2205;920;False;True;None;3;3;1;0;
AS21;10;Trajectory;15,0;4;0;2205;920;False;True;None;3;3;1;0;
AS21;10;Trajectory;15,1;4;0;2205;920;False;True;None;3;3;1;0;
AS21;10;Trajectory;15,2;4;0;2205;920;False;True;None;3;3;1;0;
AS21;10;Trajectory;15,3;4;0;2205;920;False;True;None;3;3;1;0;
AS21;10;Trajectory;15,4;4;0;2202;923;False;True;None;3;3;1;0;
AS21;10;Trajectory;15,5;4;0;2198;923;False;True;SecondaryView;3;3;1;0;
AS21;10;Trajectory;15,6;4;0;2198;923;False;True;None;3;3;1;0;
AS21;10;Trajectory;15,7;4;0;2198;923;False;True;None;3;3;1;0;
AS21;10;Trajectory;15,8;4;0;2198;927;False;True;None;3;3;1;0;
AS21;10;Trajectory;15,9;4;0;2198;927;False;True;None;3;3;1;0;
AS21;10;Trajectory;16,0;4;0;2198;927;False;True;None;3;3;1;0;
AS21;10;Trajectory;16,1;4;0;2198;927;False;True;None;3;3;1;0;
AS21;10;Trajectory;16,2;4;0;2198;927;False;True;None;3;3;1;0;
AS21;10;Trajectory;16,3;4;0;2198;927;False;True;None;3;3;1;0;
AS21;10;Trajectory;16,4;4;0;2198;927;False;True;None;3;3;1;0;
AS21;10;Trajectory;16,5;4;0;2198;927;False;True;SecondaryView;3;3;1;0;
AS21;10;Trajectory;16,6;4;0;2198;927;False;True;SecondaryView;3;3;1;0;
AS21;10;Trajectory;16,7;4;0;2198;927;False;True;SecondaryView;3;3;1;0;
AS21;10;Trajectory;16,8;4;0;2198;927;False;True;None;3;3;1;0;
AS21;10;Trajectory;16,9;4;0;2198;927;False;True;SecondaryView;3;3;1;0;
AS21;10;Trajectory;17,0;4;0;2198;927;False;True;SecondaryView;3;3;1;0;
AS21;10;Trajectory;17,1;4;0;2198;927;False;True;None;3;3;1;0;
AS21;10;Trajectory;17,2;4;0;2205;917;False;True;None;3;3;1;0;
AS21;10;Trajectory;17,3;4;0;2226;910;False;True;None;3;3;1;0;
AS21;10;Trajectory;17,4;4;0;2188;910;False;True;None;3;3;1;0;
AS21;10;Trajectory;17,5;4;0;2156;913;False;True;None;3;3;1;0;
AS21;10;Trajectory;17,6;4;0;2163;916;False;True;None;3;3;1;0;
AS21;10;Trajectory;17,7;4;0;2177;916;False;True;None;3;3;1;0;
AS21;10;Trajectory;17,8;4;0;2177;916;False;True;None;3;3;1;0;
AS21;10;Trajectory;17,9;4;0;2177;916;False;True;None;3;3;1;0;
AS21;10;Trajectory;18,0;4;0;2184;930;False;True;None;3;3;1;0;
AS21;10;Trajectory;18,1;4;0;2194;955;False;True;None;3;3;1;0;
AS21;10;Trajectory;18,2;4;0;2198;958;False;True;None;3;3;1;0;
AS21;10;Trajectory;18,3;4;0;2198;962;False;True;SecondaryView;3;3;1;0;
AS21;10;Trajectory;18,4;4;0;2191;962;False;True;SecondaryView;3;3;1;0;
AS21;10;Trajectory;18,5;4;0;2191;962;False;True;SecondaryView;3;3;1;0;
AS21;10;Trajectory;18,6;4;0;2191;962;False;True;SecondaryView;3;4;1;0;
AS21;10;Trajectory;18,7;4;0;2191;962;False;True;SecondaryView;3;4;1;0;
AS21;10;Trajectory;18,8;4;0;2191;962;False;True;SecondaryView;3;4;1;0;
AS21;10;Trajectory;18,9;4;0;2191;962;False;True;SecondaryView;3;4;1;0;
AS21;10;Trajectory;19,0;4;0;2191;962;False;True;SecondaryView;3;4;1;0;
AS21;10;Trajectory;19,1;4;0;2191;962;False;True;SecondaryView;3;4;1;0;
AS21;10;Trajectory;19,2;4;0;2191;962;False;True;SecondaryView;3;4;1;0;
AS21;10;Trajectory;19,3;4;0;2191;962;False;True;SecondaryView;3;4;1;0;
AS21;10;Trajectory;19,4;4;0;2191;962;False;True;SecondaryView;3;4;1;0;
AS21;10;Trajectory;19,5;4;0;2191;962;False;True;SecondaryView;3;4;1;0;
AS21;10;Trajectory;19,6;4;0;2191;962;False;True;SecondaryView;3;4;1;0;
AS21;10;Trajectory;19,7;4;0;2191;962;False;True;SecondaryView;3;4;1;0;
AS21;10;Trajectory;19,8;4;0;2191;962;False;True;SecondaryView;3;4;1;0;
AS21;10;Trajectory;19,9;4;0;2188;949;False;True;SecondaryView;3;4;1;0;
AS21;10;Trajectory;20,0;4;0;2188;945;False;True;SecondaryView;3;4;1;0;
AS21;10;Trajectory;20,1;4;0;2184;945;False;True;SecondaryView;3;4;1;0;
AS21;10;Trajectory;20,2;4;0;2184;962;False;True;None;3;4;1;0;
AS21;10;Trajectory;20,3;4;0;2184;976;False;True;SecondaryView;3;4;1;0;
AS21;10;Trajectory;20,4;4;0;2184;976;False;True;SecondaryView;3;4;1;0;
AS21;10;Trajectory;20,5;4;0;2187;979;False;True;SecondaryView;3;4;1;0;
AS21;10;Trajectory;20,6;4;0;2187;979;False;True;None;3;4;1;0;
AS21;10;Trajectory;20,7;4;0;2187;979;False;True;None;3;4;1;0;
AS21;10;Trajectory;20,8;4;0;2187;979;False;True;None;3;4;1;0;
AS21;10;Trajectory;20,9;4;0;2187;979;False;True;None;3;4;1;0;
AS21;10;Trajectory;21,0;4;0;2187;979;False;True;None;3;4;1;0;
AS21;10;Trajectory;21,1;4;0;2187;979;False;True;None;3;4;1;0;
AS21;10;Trajectory;21,2;4;0;2187;990;False;True;None;3;4;1;0;
AS21;10;Trajectory;21,3;4;0;2191;1004;False;True;SecondaryView;3;4;1;0;
AS21;10;Trajectory;21,4;4;0;2194;1011;False;True;SecondaryView;3;4;1;0;
AS21;10;Trajectory;21,5;4;0;2194;1011;False;True;SecondaryView;3;4;1;0;
AS21;10;Trajectory;21,6;4;0;2194;1011;False;True;SecondaryView;3;4;1;0;
AS21;10;Trajectory;21,7;4;0;2191;1008;False;True;SecondaryView;3;4;1;0;
AS21;10;Trajectory;21,8;4;0;2184;1060;False;True;SecondaryView;3;4;1;0;
AS21;10;Trajectory;21,9;4;0;2181;1105;False;True;SecondaryView;3;4;1;0;
AS21;10;Trajectory;22,0;4;0;2177;1112;False;True;SecondaryView;3;4;1;0;
AS21;10;Trajectory;22,1;4;0;2177;1116;False;True;SecondaryView;3;4;1;0;
AS21;10;Trajectory;22,2;4;0;2184;1137;False;True;SecondaryView;3;4;1;0;
AS21;10;Trajectory;22,3;4;0;2187;1158;False;True;SecondaryView;3;4;1;0;
AS21;10;Trajectory;22,4;4;0;2187;1168;False;True;SecondaryView;3;4;1;0;
AS21;10;Trajectory;22,5;4;0;2187;1179;False;True;SecondaryView;3;4;1;0;
AS21;10;Trajectory;22,6;4;0;2187;1186;False;True;SecondaryView;3;4;1;0;
AS21;10;Trajectory;22,7;4;0;2187;1193;False;True;SecondaryView;3;5;1;0;
AS21;10;Trajectory;22,8;4;0;2187;1193;False;True;SecondaryView;3;5;1;0;
AS21;10;Trajectory;22,9;4;0;2187;1193;False;True;SecondaryView;3;5;1;0;
AS21;10;Trajectory;23,0;4;0;2187;1193;False;True;SecondaryView;3;5;1;0;
AS21;10;Trajectory;23,1;4;0;2187;1193;False;True;SecondaryView;3;5;1;0;
AS21;10;Trajectory;23,2;4;0;2163;1249;False;True;SecondaryView;3;5;1;0;
AS21;10;Trajectory;23,3;4;0;2173;1250;False;True;SecondaryView;3;5;1;0;
AS21;10;Trajectory;23,4;4;0;2226;1194;False;True;SecondaryView;3;5;1;0;
AS21;10;Trajectory;23,5;4;0;2240;1131;False;True;SecondaryView;3;5;1;0;
AS21;10;Trajectory;23,6;4;0;2240;1131;False;True;SecondaryView;3;5;1;0;
AS21;10;Trajectory;23,7;4;0;2257;1158;False;True;SecondaryView;3;5;1;0;
AS21;10;Trajectory;23,8;4;0;2265;1131;False;True;None;3;5;1;0;
AS21;10;Trajectory;23,9;4;0;2251;1124;False;True;None;3;5;1;0;
AS21;10;Trajectory;24,0;4;0;2247;1130;False;True;None;3;5;1;0;
AS21;10;Trajectory;24,1;4;0;2244;1110;False;True;None;3;5;1;0;
AS21;10;Trajectory;24,2;4;0;2237;1106;False;True;None;3;5;1;0;
AS21;10;Trajectory;24,3;4;0;2230;1106;False;True;None;3;5;1;0;
AS21;10;Trajectory;24,4;4;0;2226;1109;False;True;None;3;5;1;0;
AS21;10;Trajectory;24,5;4;0;2216;1109;False;True;None;3;5;1;0;
AS21;10;Trajectory;24,6;4;0;2209;1106;False;True;None;3;5;1;0;
AS21;10;Trajectory;24,7;4;0;2198;1112;False;True;None;3;5;1;0;
AS21;10;Trajectory;24,8;4;0;2188;1119;False;True;None;3;5;1;0;
AS21;10;Trajectory;24,9;4;0;2188;1119;False;True;None;3;5;1;0;
AS21;10;Trajectory;25,0;4;0;2188;1123;False;True;None;3;5;1;0;
AS21;10;Trajectory;25,1;4;0;2188;1123;False;True;None;3;6;1;0;
AS21;10;Trajectory;25,2;4;0;2191;1137;False;True;None;3;6;1;0;
AS21;10;Trajectory;25,3;4;0;2198;1151;False;True;SecondaryView;3;6;1;0;
AS21;10;Trajectory;25,4;4;0;2198;1154;False;True;SecondaryView;3;6;1;0;
AS21;10;Trajectory;25,5;4;0;2198;1172;False;True;SecondaryView;3;6;1;0;
AS21;10;Trajectory;25,6;4;0;2013;1217;False;True;SecondaryView;3;6;1;0;
AS21;10;Trajectory;25,7;4;0;1250;1287;False;True;SecondaryView;3;6;1;0;
AS21;10;Trajectory;25,8;4;0;910;1246;False;True;MainView;3;6;1;0;
AS21;10;Trajectory;25,9;4;0;686;1215;False;True;MainView;3;6;1;0;
AS21;10;Trajectory;26,0;4;0;343;1211;False;True;MainView;3;6;1;0;
AS21;10;Trajectory;26,1;4;0;105;1176;False;True;MainView;3;6;1;0;
AS21;10;Trajectory;26,2;4;0;73;1054;False;True;MainView;3;6;1;0;
AS21;10;Trajectory;26,3;4;0;84;1053;False;True;MainView;3;6;1;0;
AS21;10;Trajectory;26,4;4;0;119;1105;False;True;MainView;3;6;1;0;
AS21;10;Trajectory;26,5;4;0;161;1120;False;True;MainView;4;6;1;0;
AS21;10;Trajectory;26,6;4;0;301;1036;False;True;MainView;4;6;1;0;
AS21;10;Trajectory;26,7;4;0;707;928;False;True;MainView;4;6;1;0;
AS21;10;Trajectory;26,8;4;0;1036;865;False;True;MainView;4;6;1;0;
AS21;10;Trajectory;26,9;4;0;1085;878;True;False;MainView;4;6;1;0;
AS21;10;Trajectory;27,0;4;0;1158;888;True;False;MainView;4;6;1;0;
AS21;10;Trajectory;27,1;4;0;1316;893;True;False;MainView;4;6;1;0;
AS21;10;Trajectory;27,2;4;0;1417;889;True;False;MainView;4;6;1;0;
AS21;10;Trajectory;27,3;4;0;1554;795;True;False;MainView;4;6;1;0;
AS21;10;Trajectory;27,4;4;0;1645;776;True;False;MainView;4;6;1;0;
AS21;10;Trajectory;27,5;4;0;1621;836;True;False;MainView;4;6;1;0;
AS21;10;Trajectory;27,6;4;0;1484;920;True;False;SecondaryView;4;6;1;0;
AS21;10;Trajectory;27,7;4;0;1463;1039;True;False;SecondaryView;4;6;1;0;
AS21;10;Trajectory;27,8;4;0;1449;1095;True;False;SecondaryView;4;6;1;0;
AS21;10;Trajectory;27,9;4;0;1484;1096;True;False;SecondaryView;4;6;1;0;
AS21;10;Trajectory;28,0;4;0;1515;1082;True;False;SecondaryView;4;6;1;0;
AS21;10;Trajectory;28,1;4;0;1547;1095;True;False;SecondaryView;4;6;1;0;
AS21;10;Trajectory;28,2;4;0;1550;1047;True;False;SecondaryView;4;6;1;0;
AS21;10;Trajectory;28,3;4;0;1537;1019;True;False;SecondaryView;4;6;1;0;
AS21;10;Trajectory;28,4;4;0;1543;1032;True;False;SecondaryView;4;6;1;0;
AS21;10;Trajectory;28,5;4;0;1540;1033;True;False;SecondaryView;4;6;1;0;
AS21;10;Trajectory;28,6;4;0;1519;1046;True;False;SecondaryView;4;6;1;0;
AS21;10;Trajectory;28,7;4;0;1488;1102;True;False;SecondaryView;4;6;1;0;
AS21;10;Trajectory;28,8;4;0;1470;1126;True;False;SecondaryView;4;6;2;0;
AS21;10;Trajectory;28,9;4;0;1463;1140;True;False;SecondaryView;4;6;2;0;
AS21;10;Trajectory;29,0;4;0;1470;1147;True;False;SecondaryView;4;6;2;0;
AS21;10;Trajectory;29,1;4;0;1484;1151;True;False;SecondaryView;4;6;2;0;
AS21;10;Trajectory;29,2;4;0;1491;1151;True;False;SecondaryView;4;6;2;0;
AS21;10;Trajectory;29,3;4;0;1491;1151;True;False;SecondaryView;4;6;2;0;
AS21;10;Trajectory;29,4;4;0;1491;1151;True;False;SecondaryView;4;6;2;0;
AS21;10;Trajectory;29,5;4;0;1491;1151;True;False;SecondaryView;4;6;2;0;
AS21;10;Trajectory;29,6;4;0;1491;1154;True;False;MainView;4;6;2;0;
AS21;10;Trajectory;29,7;4;0;1491;1179;True;False;MainView;4;6;2;0;
AS21;10;Trajectory;29,8;4;0;1491;1182;True;False;MainView;4;7;2;0;
AS21;10;Trajectory;29,9;4;0;1491;1182;True;False;MainView;4;7;2;0;
AS21;10;Trajectory;30,0;4;0;1491;1193;True;False;MainView;4;7;2;0;
AS21;10;Trajectory;30,1;4;0;1494;1193;True;False;MainView;4;7;2;0;
AS21;10;Trajectory;30,2;4;0;1494;1193;True;False;SecondaryView;4;7;2;0;
AS21;10;Trajectory;30,3;4;0;1501;1183;True;False;SecondaryView;4;7;2;0;
AS21;10;Trajectory;30,4;4;0;1498;1148;True;False;MainView;4;7;2;0;
AS21;10;Trajectory;30,5;4;0;1495;1145;True;False;MainView;4;7;2;0;
AS21;10;Trajectory;30,6;4;0;1501;1110;True;False;MainView;4;7;2;0;
AS21;10;Trajectory;30,7;4;0;1505;1089;True;False;MainView;4;7;2;0;
AS21;10;Trajectory;30,8;4;0;1498;1091;True;False;SecondaryView;4;7;2;0;
AS21;10;Trajectory;30,9;4;0;1498;1064;True;False;SecondaryView;4;7;2;0;
AS21;10;Trajectory;31,0;4;0;1498;1064;True;False;SecondaryView;4;7;2;0;
AS21;10;Trajectory;31,1;4;0;1498;1064;True;False;None;4;7;2;0;
AS21;10;Trajectory;31,2;4;0;1498;1061;True;False;None;4;7;2;0;
AS21;10;Trajectory;31,3;4;0;1495;1057;True;False;None;4;7;2;0;
AS21;10;Trajectory;31,4;4;0;1495;1057;True;False;SecondaryView;4;7;2;0;
AS21;10;Trajectory;31,5;4;0;1491;1064;True;False;SecondaryView;4;7;2;0;
AS21;10;Trajectory;31,6;4;0;1494;1050;True;False;SecondaryView;4;7;2;0;
AS21;10;Trajectory;31,7;4;0;1494;1050;True;False;SecondaryView;4;7;2;0;
AS21;10;Trajectory;31,8;4;0;1488;1050;True;False;MainView;4;7;2;0;
AS21;10;Trajectory;31,9;4;0;1488;1033;True;False;MainView;4;7;2;0;
AS21;10;Trajectory;32,0;4;0;1488;1033;True;False;MainView;4;7;2;0;
AS21;10;Trajectory;32,1;4;0;1488;1029;True;False;MainView;4;7;2;0;
AS21;10;Trajectory;32,2;4;0;1484;1029;True;False;MainView;4;7;2;0;
AS21;10;Trajectory;32,3;4;0;1484;1029;True;False;MainView;4;7;2;0;
AS21;10;Trajectory;32,4;4;0;1484;1029;True;False;MainView;4;7;2;0;
AS21;10;Trajectory;32,5;4;0;1484;1029;True;False;MainView;4;7;2;0;
AS21;10;Trajectory;32,6;4;0;1484;1029;True;False;MainView;4;7;2;0;
AS21;10;Trajectory;32,7;4;0;1481;1012;True;False;MainView;4;7;2;0;
AS21;10;Trajectory;32,8;4;0;1481;1005;True;False;MainView;4;7;2;0;
AS21;10;Trajectory;32,9;4;0;1481;1005;True;False;MainView;4;7;2;0;
AS21;10;Trajectory;33,0;4;0;1481;1005;True;False;MainView;4;7;2;0;
AS21;10;Trajectory;33,1;4;0;1484;1025;True;False;MainView;4;7;2;0;
AS21;10;Trajectory;33,2;4;0;1487;1046;True;False;MainView;4;7;2;0;
AS21;10;Trajectory;33,3;4;0;1491;1060;True;False;MainView;4;7;2;0;
AS21;10;Trajectory;33,4;4;0;1488;1095;True;False;MainView;4;7;2;0;
AS21;10;Trajectory;33,5;4;0;1484;1105;True;False;MainView;4;7;2;0;
AS21;10;Trajectory;33,6;4;0;1481;1112;True;False;MainView;4;7;2;0;
AS21;10;Trajectory;33,7;4;0;1481;1112;True;False;MainView;4;7;2;0;
AS21;10;Trajectory;33,8;4;0;1481;1112;True;False;MainView;4;7;2;0;
AS21;10;Trajectory;33,9;4;0;1481;1112;True;False;MainView;4;8;2;0;
AS21;10;Trajectory;34,0;4;0;1481;1112;True;False;MainView;4;8;2;0;
AS21;10;Trajectory;34,1;4;0;1481;1112;True;False;MainView;4;8;2;0;
AS21;10;Trajectory;34,2;4;0;1481;1112;True;False;MainView;4;8;2;0;
AS21;10;Trajectory;34,3;4;0;1477;1130;True;False;MainView;4;8;2;0;
AS21;10;Trajectory;34,4;4;0;1449;1224;True;False;MainView;4;8;2;0;
AS21;10;Trajectory;34,5;4;0;1418;1270;True;False;MainView;4;8;2;0;
AS21;10;Trajectory;34,6;4;0;1414;1273;True;False;MainView;4;8;2;0;
AS21;10;Trajectory;34,7;4;0;1414;1273;True;False;SecondaryView;4;8;2;0;
AS21;10;Trajectory;34,8;4;0;1414;1273;True;False;MainView;4;8;2;0;
AS21;10;Trajectory;34,9;4;0;1386;1267;True;False;SecondaryView;4;8;2;0;
AS21;10;Trajectory;35,0;4;0;1386;1267;True;False;MainView;4;8;2;0;
AS21;10;Trajectory;35,1;4;0;1414;1243;True;False;MainView;4;8;2;0;
AS21;10;Trajectory;35,2;4;0;1449;1215;True;False;SecondaryView;4;8;2;0;
AS21;10;Trajectory;35,3;4;0;1487;1173;True;False;MainView;4;8;2;0;
AS21;10;Trajectory;35,4;4;0;1494;1159;True;False;MainView;4;8;2;0;
AS21;10;Trajectory;35,5;4;0;1481;1161;True;False;MainView;4;8;2;0;
AS21;10;Trajectory;35,6;4;0;1480;1166;True;False;SecondaryView;4;8;2;0;
AS21;10;Trajectory;35,7;4;0;1484;1152;True;False;SecondaryView;4;8;2;0;
AS21;10;Trajectory;35,8;4;0;1481;1152;True;False;None;4;8;2;0;
AS21;10;Trajectory;35,9;4;0;1487;1141;True;False;None;4;8;2;0;
AS21;10;Trajectory;36,0;4;0;1498;1120;True;False;None;4;8;2;0;
AS21;10;Trajectory;36,1;4;0;1498;1120;True;False;None;4;8;2;0;
AS21;10;Trajectory;36,2;4;0;1495;1120;True;False;None;4;8;2;0;
AS21;10;Trajectory;36,3;4;0;1501;1113;True;False;None;4;8;2;0;
AS21;10;Trajectory;36,4;4;0;1669;1057;True;False;None;4;8;2;0;
AS21;10;Trajectory;36,5;4;0;1907;1001;True;False;None;4;8;2;0;
AS21;10;Trajectory;36,6;4;0;2075;980;True;False;None;4;8;2;0;
AS21;10;Trajectory;36,7;4;0;2082;1004;True;False;None;4;8;2;0;
AS21;10;Trajectory;36,8;4;0;2166;1007;True;False;None;4;8;2;0;
AS21;10;Trajectory;36,9;4;0;2264;1007;True;False;None;4;8;2;0;
AS21;10;Trajectory;37,0;4;0;2282;1011;True;False;SecondaryView;4;8;2;0;
AS21;10;Trajectory;37,1;4;0;2265;1021;True;False;MainView;4;8;2;0;
AS21;10;Trajectory;37,2;4;0;2230;1032;True;False;MainView;4;8;2;0;
AS21;10;Trajectory;37,3;4;0;2188;1032;True;False;MainView;4;8;2;0;
AS21;10;Trajectory;37,4;4;0;2170;1032;True;False;MainView;4;8;2;0;
AS21;10;Trajectory;37,5;4;0;2177;1035;True;False;MainView;4;8;2;0;
AS21;10;Trajectory;37,6;4;0;2184;1039;True;False;MainView;4;8;2;0;
AS21;10;Trajectory;37,7;4;0;2191;1036;True;False;SecondaryView;4;8;2;0;
AS21;10;Trajectory;37,8;4;0;2194;1029;True;False;SecondaryView;4;8;2;0;
AS21;10;Trajectory;37,9;4;0;2184;1026;True;False;SecondaryView;5;8;2;0;
AS21;10;Trajectory;38,0;4;0;2030;1019;True;False;SecondaryView;5;8;2;0;
AS21;10;Trajectory;38,1;4;0;1761;1025;True;False;None;5;8;2;0;
AS21;10;Trajectory;38,2;4;0;1481;1012;True;False;None;5;8;2;0;
AS21;10;Trajectory;38,3;4;0;1285;1005;True;False;SecondaryView;5;8;2;0;
AS21;10;Trajectory;38,4;4;0;1257;998;True;False;MainView;5;8;2;0;
AS21;10;Trajectory;38,5;4;0;1274;1000;True;False;MainView;5;8;2;0;
AS21;10;Trajectory;38,6;4;0;1291;1004;True;False;MainView;5;8;2;0;
AS21;10;Trajectory;38,7;4;0;1316;1004;True;False;MainView;5;8;2;0;
AS21;10;Trajectory;38,8;4;0;1400;994;True;False;MainView;5;8;2;0;
AS21;10;Trajectory;38,9;4;0;1456;993;True;False;MainView;5;8;2;0;
AS21;10;Trajectory;39,0;4;0;1515;1007;True;False;MainView;5;8;2;0;
AS21;10;Trajectory;39,1;4;0;1550;1001;True;False;MainView;5;8;2;0;
AS21;10;Trajectory;39,2;4;0;1557;1018;True;False;MainView;5;8;2;0;
AS21;10;Trajectory;39,3;4;0;1547;1042;True;False;MainView;5;8;2;0;
AS21;10;Trajectory;39,4;4;0;1523;1049;True;False;MainView;5;8;2;0;
AS21;10;Trajectory;39,5;4;0;1502;1047;True;False;SecondaryView;5;8;2;0;
AS21;10;Trajectory;39,6;4;0;1519;1067;True;False;MainView;5;8;2;0;
AS21;10;Trajectory;39,7;4;0;1509;1077;True;False;MainView;5;8;2;0;
AS21;10;Trajectory;39,8;4;0;1502;1068;True;False;MainView;5;8;2;0;
AS21;10;Trajectory;39,9;4;0;1502;1068;True;False;MainView;5;8;2;0;
AS21;10;Trajectory;40,0;4;0;1571;1119;True;False;MainView;5;8;2;0;
AS21;10;Trajectory;40,1;4;0;1617;1147;True;False;MainView;5;8;2;0;
AS21;10;Trajectory;40,2;4;0;1624;1117;True;False;MainView;6;8;2;0;
AS21;10;Trajectory;40,3;4;0;1607;872;True;False;SecondaryView;6;8;2;0;
AS21;10;Trajectory;40,4;4;0;1568;550;True;False;SecondaryView;6;8;2;0;
AS21;10;Trajectory;40,5;4;0;1544;615;True;False;SecondaryView;6;8;2;0;
AS21;10;Trajectory;40,6;4;0;1495;780;True;False;SecondaryView;6;8;2;0;
AS21;10;Trajectory;40,7;4;0;1481;832;True;False;MainView;6;8;3;0;
AS21;10;Trajectory;40,8;4;0;1470;832;True;False;MainView;6;8;3;0;
AS21;10;Trajectory;40,9;4;0;1463;826;True;False;MainView;6;8;3;0;
AS21;10;Trajectory;41,0;4;0;1463;826;True;False;MainView;6;8;3;0;
AS21;10;Trajectory;41,1;4;0;1477;839;True;False;SecondaryView;6;8;3;0;
AS21;10;Trajectory;41,2;4;0;1484;850;True;False;MainView;6;8;3;0;
AS21;10;Trajectory;41,3;4;0;1484;850;True;False;MainView;6;8;3;0;
AS21;10;Trajectory;41,4;4;0;1481;850;True;False;MainView;6;8;3;0;
AS21;10;Trajectory;41,5;4;0;1467;844;True;False;MainView;6;8;3;0;
AS21;10;Trajectory;41,6;4;0;1463;833;True;False;MainView;6;8;3;0;
AS21;10;Trajectory;41,7;4;0;1463;833;True;False;MainView;6;9;3;0;
AS21;10;Trajectory;41,8;4;0;1463;833;True;False;MainView;6;9;3;0;
AS21;10;Trajectory;41,9;4;0;1470;839;True;False;MainView;6;9;3;0;
AS21;10;Trajectory;42,0;4;0;1477;843;True;False;MainView;6;9;3;0;
AS21;10;Trajectory;42,1;4;0;1477;843;True;False;MainView;6;9;3;0;
AS21;10;Trajectory;42,2;4;0;1480;843;True;False;MainView;6;9;3;0;
AS21;10;Trajectory;42,3;4;0;1480;864;True;False;SecondaryView;6;9;3;0;
AS21;10;Trajectory;42,4;4;0;1484;874;True;False;SecondaryView;6;9;3;0;
AS21;10;Trajectory;42,5;4;0;1487;881;True;False;SecondaryView;6;9;3;0;
AS21;10;Trajectory;42,6;4;0;1491;881;True;False;MainView;6;9;3;0;
AS21;10;Trajectory;42,7;4;0;1491;888;True;False;MainView;6;9;3;0;
AS21;10;Trajectory;42,8;4;0;1484;892;True;False;MainView;6;9;3;0;
AS21;10;Trajectory;42,9;4;0;1481;899;True;False;MainView;6;9;3;0;
AS21;10;Trajectory;43,0;4;0;1481;916;True;False;MainView;6;9;3;0;
AS21;10;Trajectory;43,1;4;0;1467;958;True;False;MainView;6;9;3;0;
AS21;10;Trajectory;43,2;4;0;1463;993;True;False;MainView;6;9;3;0;
AS21;10;Trajectory;43,3;4;0;1473;1004;True;False;MainView;6;9;3;0;
AS21;10;Trajectory;43,4;4;0;1480;1004;True;False;MainView;6;9;3;0;
AS21;10;Trajectory;43,5;4;0;1477;1028;True;False;SecondaryView;6;9;3;0;
AS21;10;Trajectory;43,6;4;0;1477;1033;True;False;SecondaryView;6;9;3;0;
AS21;10;Trajectory;43,7;4;0;1463;1015;True;False;SecondaryView;6;9;3;0;
AS21;10;Trajectory;43,8;4;0;1463;1035;True;False;SecondaryView;6;9;3;0;
AS21;10;Trajectory;43,9;4;0;1470;1029;True;False;SecondaryView;6;9;3;0;
AS21;10;Trajectory;44,0;4;0;1470;1032;True;False;SecondaryView;6;9;3;0;
AS21;10;Trajectory;44,1;4;0;1480;1056;True;False;MainView;6;9;3;0;
AS21;10;Trajectory;44,2;4;0;1480;1070;True;False;MainView;6;9;3;0;
AS21;10;Trajectory;44,3;4;0;1470;1098;True;False;MainView;6;9;3;0;
AS21;10;Trajectory;44,4;4;0;1460;1133;True;False;MainView;6;9;3;0;
AS21;10;Trajectory;44,5;4;0;1473;1161;True;False;SecondaryView;6;9;3;0;
AS21;10;Trajectory;44,6;4;0;1473;1203;True;False;SecondaryView;6;9;3;0;
AS21;10;Trajectory;44,7;4;0;1470;1224;True;False;SecondaryView;6;9;3;0;
AS21;10;Trajectory;44,8;4;0;1470;1228;True;False;SecondaryView;6;9;3;0;
AS21;10;Trajectory;44,9;4;0;1470;1228;True;False;SecondaryView;6;9;3;0;
AS21;10;Trajectory;45,0;4;0;1470;1228;True;False;MainView;6;9;3;0;
AS21;10;Trajectory;45,1;4;0;1470;1228;True;False;MainView;6;10;3;0;
AS21;10;Trajectory;45,2;4;0;1470;1228;True;False;MainView;6;10;3;0;
AS21;10;Trajectory;45,3;4;0;1470;1228;True;False;MainView;6;10;3;0;
AS21;10;Trajectory;45,4;4;0;1473;1225;True;False;MainView;6;10;3;0;
AS21;10;Trajectory;45,5;4;0;1480;1218;True;False;SecondaryView;6;10;3;0;
AS21;10;Trajectory;45,6;4;0;1480;1215;True;False;SecondaryView;6;10;3;0;
AS21;10;Trajectory;45,7;4;0;1487;1162;True;False;SecondaryView;6;10;3;0;
AS21;10;Trajectory;45,8;4;0;1498;1106;True;False;SecondaryView;6;10;3;0;
AS21;10;Trajectory;45,9;4;0;1498;1096;True;False;MainView;6;10;3;0;
AS21;10;Trajectory;46,0;4;0;1508;1105;True;False;MainView;6;10;3;0;
AS21;10;Trajectory;46,1;4;0;1529;1075;True;False;MainView;6;10;3;0;
AS21;10;Trajectory;46,2;4;0;1561;1091;True;False;MainView;6;10;3;0;
AS21;10;Trajectory;46,3;4;0;1578;1126;True;False;SecondaryView;6;10;3;0;
AS21;10;Trajectory;46,4;4;0;1582;963;True;False;SecondaryView;7;10;3;0;
AS21;10;Trajectory;46,5;4;0;1582;725;True;False;SecondaryView;7;10;3;0;
AS21;10;Trajectory;46,6;4;0;1565;697;True;False;SecondaryView;7;10;3;0;
AS21;10;Trajectory;46,7;4;0;1537;783;True;False;SecondaryView;7;10;3;0;
AS21;10;Trajectory;46,8;4;0;1519;857;True;False;SecondaryView;7;10;3;0;
AS21;10;Trajectory;46,9;4;0;1491;927;True;False;SecondaryView;7;10;3;0;
AS21;10;Trajectory;47,0;4;0;1477;1011;True;False;SecondaryView;7;10;3;0;
AS21;10;Trajectory;47,1;4;0;1477;1053;True;False;SecondaryView;7;10;3;0;
AS21;10;Trajectory;47,2;4;0;1477;1063;True;False;SecondaryView;7;10;3;0;
AS21;10;Trajectory;47,3;4;0;1477;1067;True;False;SecondaryView;7;10;3;0;
AS21;10;Trajectory;47,4;4;0;1477;1070;True;False;SecondaryView;7;10;3;0;
AS21;10;Trajectory;47,5;4;0;1477;1070;True;False;SecondaryView;7;10;3;0;
AS21;10;Trajectory;47,6;4;0;1477;1070;True;False;SecondaryView;7;11;3;0;
AS21;10;Trajectory;47,7;4;0;1477;1070;True;False;MainView;7;11;3;0;
AS21;10;Trajectory;47,8;4;0;1477;1070;True;False;SecondaryView;7;11;3;0;
AS21;10;Trajectory;47,9;4;0;1477;1070;True;False;SecondaryView;7;11;3;0;
AS21;10;Trajectory;48,0;4;0;1477;1070;True;False;SecondaryView;7;11;3;0;
AS21;10;Trajectory;48,1;4;0;1484;1036;True;False;SecondaryView;7;11;3;0;
AS21;10;Trajectory;48,2;4;0;1481;1029;True;False;SecondaryView;7;11;3;0;
AS21;10;Trajectory;48,3;4;0;1484;1022;True;False;MainView;7;11;3;0;
AS21;10;Trajectory;48,4;4;0;1484;1022;True;False;MainView;7;12;3;0;
AS21;10;Trajectory;48,5;4;0;1484;1022;True;False;MainView;7;12;3;0;
AS21;10;Trajectory;48,6;4;0;1487;1032;True;False;MainView;7;12;3;0;
AS21;10;Trajectory;48,7;4;0;1491;1039;True;False;SecondaryView;7;12;3;0;
AS21;10;Trajectory;48,8;4;0;1494;1039;True;False;SecondaryView;7;12;3;0;
AS21;10;Trajectory;48,9;4;0;1494;1039;True;False;SecondaryView;7;12;3;0;
AS21;10;Trajectory;49,0;4;0;1491;1039;True;False;SecondaryView;7;12;3;0;
AS21;10;Trajectory;49,1;4;0;1477;1026;True;False;SecondaryView;7;12;3;0;
AS21;10;Trajectory;49,2;4;0;1474;1022;True;False;SecondaryView;7;12;3;0;
AS21;10;Trajectory;49,3;4;0;1474;1022;True;False;SecondaryView;7;13;3;0;
AS21;10;Trajectory;49,4;4;0;1474;1022;True;False;SecondaryView;7;13;3;0;
AS21;10;Trajectory;49,5;4;0;1474;1053;True;False;SecondaryView;7;13;3;0;
AS21;10;Trajectory;49,6;4;0;1474;1067;True;False;SecondaryView;7;13;3;0;
AS21;10;Trajectory;49,7;4;0;1477;1074;True;False;MainView;7;13;3;0;
AS21;10;Trajectory;49,8;4;0;1480;1074;True;False;MainView;7;13;3;0;
AS21;10;Trajectory;49,9;4;0;1491;1061;True;False;MainView;7;13;3;0;
AS21;10;Trajectory;50,0;4;0;1498;1019;True;False;MainView;7;13;3;0;
AS21;10;Trajectory;50,1;4;0;1498;994;True;False;MainView;7;13;3;0;
AS21;10;Trajectory;50,2;4;0;1491;980;True;False;MainView;7;13;3;0;
AS21;10;Trajectory;50,3;4;0;1488;980;True;False;MainView;7;13;3;0;
AS21;10;Trajectory;50,4;4;0;1481;1007;True;False;MainView;7;13;3;0;
AS21;10;Trajectory;50,5;4;0;1481;1028;True;False;MainView;7;13;3;0;
AS21;10;Trajectory;50,6;4;0;1481;1042;True;False;MainView;7;13;3;0;
AS21;10;Trajectory;50,7;4;0;1487;1042;True;False;MainView;7;13;3;0;
AS21;10;Trajectory;50,8;4;0;1487;1042;True;False;MainView;7;13;3;0;
AS21;10;Trajectory;50,9;4;0;1481;1042;True;False;MainView;7;13;3;0;
AS21;10;Trajectory;51,0;4;0;1404;1012;True;False;SecondaryView;7;13;3;0;
AS21;10;Trajectory;51,1;4;0;1036;1063;True;False;MainView;7;13;3;0;
AS21;10;Trajectory;51,2;4;0;812;1078;True;False;MainView;7;13;3;0;
AS21;10;Trajectory;51,3;4;0;627;1064;True;False;MainView;7;13;3;0;
AS21;10;Trajectory;51,4;4;0;1183;1050;True;False;MainView;7;13;3;0;
AS21;10;Trajectory;51,5;4;0;1498;1039;True;False;MainView;7;13;3;0;
AS21;10;Trajectory;51,6;4;0;1575;1057;True;False;MainView;7;13;3;0;
AS21;10;Trajectory;51,7;4;0;1792;1005;True;False;MainView;7;13;3;0;
AS21;10;Trajectory;51,8;4;0;2030;1001;True;False;MainView;7;13;3;0;
AS21;10;Trajectory;51,9;4;0;2124;1021;True;False;SecondaryView;7;13;3;0;
AS21;10;Trajectory;52,0;4;0;2219;1012;True;False;None;7;13;3;0;
AS21;10;Trajectory;52,1;4;0;2240;1008;True;False;SecondaryView;8;13;3;0;
AS21;10;Trajectory;52,2;4;0;2037;994;True;False;SecondaryView;8;13;3;0;
AS21;10;Trajectory;52,3;4;0;1603;973;True;False;SecondaryView;8;13;3;0;
AS21;10;Trajectory;52,4;4;0;1446;952;True;False;SecondaryView;8;13;3;0;
AS21;10;Trajectory;52,5;4;0;1435;958;True;False;SecondaryView;8;13;3;0;
AS21;10;Trajectory;52,6;4;0;1432;969;True;False;MainView;8;13;3;0;
AS21;10;Trajectory;52,7;4;0;1397;972;True;False;MainView;8;13;3;0;
AS21;10;Trajectory;52,8;4;0;1323;956;True;False;MainView;8;13;3;0;
AS21;10;Trajectory;52,9;4;0;1305;917;True;False;SecondaryView;8;13;3;0;
AS21;10;Trajectory;53,0;4;0;1438;937;True;False;SecondaryView;8;13;3;0;
AS21;10;Trajectory;53,1;4;0;1459;962;True;False;SecondaryView;8;13;3;0;
AS21;10;Trajectory;53,2;4;0;1477;965;True;False;SecondaryView;8;13;3;0;
AS21;10;Trajectory;53,3;4;0;1484;959;True;False;SecondaryView;8;13;3;0;
AS21;10;Trajectory;53,4;4;0;1477;965;True;False;MainView;8;13;3;0;
AS21;10;Trajectory;53,5;4;0;1494;1000;True;False;MainView;8;13;3;0;
AS21;10;Trajectory;53,6;4;0;1498;980;True;False;MainView;8;13;3;0;
AS21;10;Trajectory;53,7;4;0;1481;983;True;False;MainView;8;13;3;0;
AS21;10;Trajectory;53,8;4;0;1484;987;True;False;MainView;8;13;3;0;
AS21;10;Trajectory;53,9;4;0;1484;952;True;False;MainView;8;13;3;0;
AS21;10;Trajectory;54,0;4;0;1428;889;True;False;MainView;8;13;3;0;
AS21;10;Trajectory;54,1;4;0;1442;892;True;False;MainView;8;13;3;0;
AS21;10;Trajectory;54,2;4;0;1470;913;True;False;MainView;8;13;4;0;
AS21;10;Trajectory;54,3;4;0;1484;923;True;False;MainView;8;13;4;0;
AS21;10;Trajectory;54,4;4;0;1498;930;True;False;SecondaryView;8;13;4;0;
AS21;10;Trajectory;54,5;4;0;1498;930;True;False;SecondaryView;8;13;4;0;
AS21;10;Trajectory;54,6;4;0;1484;930;True;False;MainView;8;13;4;0;
AS21;10;Trajectory;54,7;4;0;1484;930;True;False;MainView;8;13;4;0;
AS21;10;Trajectory;54,8;4;0;1484;930;True;False;MainView;8;13;4;0;
AS21;10;Trajectory;54,9;4;0;1484;930;True;False;MainView;8;13;4;0;
AS21;10;Trajectory;55,0;4;0;1481;930;True;False;SecondaryView;8;13;4;0;
AS21;10;Trajectory;55,1;4;0;1481;930;True;False;SecondaryView;8;14;4;0;
AS21;10;Trajectory;55,2;4;0;1487;937;True;False;SecondaryView;8;14;4;0;
AS21;10;Trajectory;55,3;4;0;1494;944;True;False;MainView;8;14;4;0;
AS21;10;Trajectory;55,4;4;0;1494;951;True;False;MainView;8;14;4;0;
AS21;10;Trajectory;55,5;4;0;1494;962;True;False;MainView;8;14;4;0;
AS21;10;Trajectory;55,6;4;0;1494;979;True;False;MainView;8;14;4;0;
AS21;10;Trajectory;55,7;4;0;1494;986;True;False;MainView;8;14;4;0;
AS21;10;Trajectory;55,8;4;0;1494;993;True;False;MainView;8;14;4;0;
AS21;10;Trajectory;55,9;4;0;1494;993;True;False;MainView;8;14;4;0;
AS21;10;Trajectory;56,0;4;0;1491;997;True;False;MainView;8;14;4;0;
AS21;10;Trajectory;56,1;4;0;1484;1000;True;False;MainView;8;14;4;0;
AS21;10;Trajectory;56,2;4;0;1484;1000;True;False;MainView;8;14;4;0;
AS21;10;Trajectory;56,3;4;0;1484;1004;True;False;MainView;8;14;4;0;
AS21;10;Trajectory;56,4;4;0;1477;1025;True;False;MainView;8;14;4;0;
AS21;10;Trajectory;56,5;4;0;1470;1060;True;False;MainView;8;14;4;0;
AS21;10;Trajectory;56,6;4;0;1467;1067;True;False;MainView;8;14;4;0;
AS21;10;Trajectory;56,7;4;0;1473;1077;True;False;MainView;8;14;4;0;
AS21;10;Trajectory;56,8;4;0;1477;1081;True;False;MainView;8;14;4;0;
AS21;10;Trajectory;56,9;4;0;1480;1091;True;False;MainView;8;14;4;0;
AS21;10;Trajectory;57,0;4;0;1480;1102;True;False;MainView;8;14;4;0;
AS21;10;Trajectory;57,1;4;0;1484;1109;True;False;MainView;8;14;4;0;
AS21;10;Trajectory;57,2;4;0;1484;1116;True;False;MainView;8;14;4;0;
AS21;10;Trajectory;57,3;4;0;1484;1119;True;False;MainView;8;14;4;0;
AS21;10;Trajectory;57,4;4;0;1484;1119;True;False;MainView;8;14;4;0;
AS21;10;Trajectory;57,5;4;0;1484;1119;True;False;MainView;8;14;4;0;
AS21;10;Trajectory;57,6;4;0;1484;1119;True;False;MainView;8;14;4;0;
AS21;10;Trajectory;57,7;4;0;1484;1119;True;False;MainView;8;15;4;0;
AS21;10;Trajectory;57,8;4;0;1484;1119;True;False;MainView;8;15;4;0;
AS21;10;Trajectory;57,9;4;0;1484;1119;True;False;MainView;8;15;4;0;
AS21;10;Trajectory;58,0;4;0;1484;1119;True;False;MainView;8;15;4;0;
AS21;10;Trajectory;58,1;4;0;1484;1119;True;False;SecondaryView;8;15;4;0;
AS21;10;Trajectory;58,2;4;0;1477;1137;True;False;SecondaryView;8;15;4;0;
AS21;10;Trajectory;58,3;4;0;1477;1147;True;False;MainView;8;15;4;0;
AS21;10;Trajectory;58,4;4;0;1480;1151;True;False;MainView;8;15;4;0;
AS21;10;Trajectory;58,5;4;0;1484;1154;True;False;MainView;8;15;4;0;
AS21;10;Trajectory;58,6;4;0;1484;1154;True;False;MainView;8;15;4;0;
AS21;10;Trajectory;58,7;4;0;1484;1154;True;False;MainView;8;15;4;0;
AS21;10;Trajectory;58,8;4;0;1484;1154;True;False;MainView;8;15;4;0;
AS21;10;Trajectory;58,9;4;0;1484;1161;True;False;MainView;8;15;4;0;
AS21;10;Trajectory;59,0;4;0;1484;1161;True;False;MainView;8;15;4;0;
AS21;10;Trajectory;59,1;4;0;1484;1165;True;False;MainView;8;15;4;0;
AS21;10;Trajectory;59,2;4;0;1484;1165;True;False;MainView;8;15;4;0;
AS21;10;Trajectory;59,3;4;0;1484;1165;True;False;SecondaryView;8;16;4;0;
AS21;10;Trajectory;59,4;4;0;1484;1165;True;False;MainView;8;16;4;0;
AS21;10;Trajectory;59,5;4;0;1481;1165;True;False;SecondaryView;8;16;4;0;
AS21;10;Trajectory;59,6;4;0;1481;1165;True;False;SecondaryView;8;16;4;0;
AS21;10;Trajectory;59,7;4;0;1487;1165;True;False;MainView;8;16;4;0;
AS21;10;Trajectory;59,8;4;0;1491;1168;True;False;SecondaryView;8;16;4;0;
AS21;10;Trajectory;59,9;4;0;1494;1175;True;False;MainView;8;16;4;0;
AS21;10;Trajectory;60,0;4;0;1494;1175;True;False;SecondaryView;8;16;4;0;
AS21;10;Trajectory;60,1;4;0;1494;1175;True;False;MainView;8;16;4;0;
AS21;10;Trajectory;60,2;4;0;1491;1179;True;False;SecondaryView;8;16;4;0;
AS21;10;Trajectory;60,3;4;0;1488;1179;True;False;MainView;8;16;4;0;
AS21;10;Trajectory;60,4;4;0;1488;1179;True;False;MainView;8;16;4;0;
AS21;10;Trajectory;60,5;4;0;1488;1179;True;False;MainView;8;16;4;0;
AS21;10;Trajectory;60,6;4;0;1488;1179;True;False;MainView;8;16;4;0;
AS21;10;Trajectory;60,7;4;0;1488;1179;True;False;MainView;8;16;4;0;
AS21;10;Trajectory;60,8;4;0;1488;1179;True;False;MainView;8;16;4;0;
AS21;10;Trajectory;60,9;4;0;1488;1179;True;False;MainView;8;16;4;0;
AS21;10;Trajectory;61,0;4;0;1488;1179;True;False;MainView;8;17;4;0;
AS21;10;Trajectory;61,1;4;0;1488;1179;True;False;MainView;8;17;4;0;
AS21;10;Trajectory;61,2;4;0;1488;1179;True;False;SecondaryView;8;17;4;0;
AS21;10;Trajectory;61,3;4;0;1491;1182;True;False;SecondaryView;8;17;4;0;
AS21;10;Trajectory;61,4;4;0;1491;1182;True;False;SecondaryView;8;17;4;0;
AS21;10;Trajectory;61,5;4;0;1494;1182;True;False;SecondaryView;8;17;4;0;
AS21;10;Trajectory;61,6;4;0;1494;1182;True;False;SecondaryView;8;17;4;0;
AS21;10;Trajectory;61,7;4;0;1494;1186;True;False;SecondaryView;8;17;4;0;
AS21;10;Trajectory;61,8;4;0;1494;1186;True;False;SecondaryView;8;17;4;0;
AS21;10;Trajectory;61,9;4;0;1484;1183;True;False;SecondaryView;8;17;4;0;
AS21;10;Trajectory;62,0;4;0;1481;1180;True;False;SecondaryView;8;17;4;0;
AS21;10;Trajectory;62,1;4;0;1481;1180;True;False;SecondaryView;8;17;4;0;
AS21;10;Trajectory;62,2;4;0;1484;1173;True;False;SecondaryView;8;17;4;0;
AS21;10;Trajectory;62,3;4;0;1487;1173;True;False;SecondaryView;8;17;4;0;
AS21;10;Trajectory;62,4;4;0;1491;1166;True;False;SecondaryView;8;17;4;0;
AS21;10;Trajectory;62,5;4;0;1498;1162;True;False;MainView;8;17;4;0;
AS21;10;Trajectory;62,6;4;0;1501;1159;True;False;MainView;8;17;4;0;
AS21;10;Trajectory;62,7;4;0;1501;1159;True;False;MainView;8;17;4;0;
AS21;10;Trajectory;62,8;4;0;1498;1159;True;False;MainView;8;17;4;0;
AS21;10;Trajectory;62,9;4;0;1495;1159;True;False;SecondaryView;8;17;4;0;
AS21;10;Trajectory;63,0;4;0;1495;1159;True;False;SecondaryView;8;17;4;0;
AS21;10;Trajectory;63,1;4;0;1491;1159;True;False;SecondaryView;8;17;4;0;
AS21;10;Trajectory;63,2;4;0;1488;1159;True;False;SecondaryView;8;17;4;0;
AS21;10;Trajectory;63,3;4;0;1488;1159;True;False;MainView;8;17;4;0;
AS21;10;Trajectory;63,4;4;0;1488;1159;True;False;MainView;8;17;4;0;
AS21;10;Trajectory;63,5;4;0;1488;1159;True;False;MainView;8;18;4;0;
AS21;10;Trajectory;63,6;4;0;1491;1161;True;False;MainView;8;18;4;0;
AS21;10;Trajectory;63,7;4;0;1494;1161;True;False;SecondaryView;8;18;4;0;
AS21;10;Trajectory;63,8;4;0;1494;1161;True;False;SecondaryView;8;18;4;0;
AS21;10;Trajectory;63,9;4;0;1498;1165;True;False;SecondaryView;8;18;4;0;
AS21;10;Trajectory;64,0;4;0;1501;1168;True;False;SecondaryView;8;18;4;0;
AS21;10;Trajectory;64,1;4;0;1501;1172;True;False;SecondaryView;8;18;4;0;
AS21;10;Trajectory;64,2;4;0;1501;1172;True;False;SecondaryView;8;19;4;0;
AS21;10;Trajectory;64,3;4;0;1501;1172;True;False;SecondaryView;8;19;4;0;
AS21;10;Trajectory;64,4;4;0;1501;1172;True;False;SecondaryView;8;19;4;0;
AS21;10;Trajectory;64,5;4;0;1501;1172;True;False;SecondaryView;8;19;4;0;
AS21;10;Trajectory;64,6;4;0;1498;1172;True;False;SecondaryView;8;19;4;0;
AS21;10;Trajectory;64,7;4;0;1488;1166;True;False;SecondaryView;8;19;4;0;
AS21;10;Trajectory;64,8;4;0;1484;1159;True;False;SecondaryView;8;19;4;0;
AS21;10;Trajectory;64,9;4;0;1484;1159;True;False;SecondaryView;8;20;4;0;
AS21;10;Trajectory;65,0;4;0;1484;1159;True;False;SecondaryView;8;20;4;0;
AS21;10;Trajectory;65,1;4;0;1487;1159;True;False;SecondaryView;8;20;4;0;
AS21;10;Trajectory;65,2;4;0;1487;1159;True;False;SecondaryView;8;20;4;0;
AS21;10;Trajectory;65,3;4;0;1487;1159;True;False;SecondaryView;8;20;4;0;
AS21;10;Trajectory;65,4;4;0;1487;1159;True;False;SecondaryView;8;20;4;0;
AS21;10;Trajectory;65,5;4;0;1487;1159;True;False;SecondaryView;8;20;4;0;
AS21;10;Trajectory;65,6;4;0;1491;1159;True;False;SecondaryView;8;20;4;0;
AS21;10;Trajectory;65,7;4;0;1491;1159;True;False;SecondaryView;8;20;4;0;
AS21;10;Trajectory;65,8;4;0;1491;1159;True;False;SecondaryView;8;20;4;0;
AS21;10;Trajectory;65,9;4;0;1491;1159;True;False;SecondaryView;8;20;4;0;
AS21;10;Trajectory;66,0;4;0;1491;1159;True;False;SecondaryView;8;20;4;0;
AS21;10;Trajectory;66,1;4;0;1491;1159;True;False;SecondaryView;8;20;4;0;
AS21;10;Trajectory;66,2;4;0;1491;1159;True;False;SecondaryView;8;20;4;0;
AS21;10;Trajectory;66,3;4;0;1470;1155;True;False;MainView;8;20;4;0;
AS21;10;Trajectory;66,4;4;0;1005;1179;True;False;MainView;8;20;4;0;
AS21;10;Trajectory;66,5;4;0;714;1141;True;False;MainView;8;20;4;0;
AS21;10;Trajectory;66,6;4;0;574;1120;True;False;MainView;8;20;4;0;
AS21;10;Trajectory;66,7;4;0;577;1103;True;False;MainView;8;20;4;0;
AS21;10;Trajectory;66,8;4;0;1386;1036;True;False;SecondaryView;8;20;4;0;
AS21;10;Trajectory;66,9;4;0;1467;1074;True;False;None;8;20;4;0;
AS21;10;Trajectory;67,0;4;0;1515;1068;True;False;None;8;20;4;0;
AS21;10;Trajectory;67,1;4;0;1781;1054;True;False;None;8;20;4;0;
AS21;10;Trajectory;67,2;4;0;1995;1019;True;False;None;8;20;4;0;
AS21;10;Trajectory;67,3;4;0;2100;1015;True;False;None;8;20;4;0;
AS21;10;Trajectory;67,4;4;0;2257;1012;True;False;None;8;20;4;0;
AS21;10;Trajectory;67,5;4;0;2254;1014;True;False;None;9;20;4;0;
AS21;10;Trajectory;67,6;4;0;2132;994;True;False;None;9;20;4;0;
AS21;10;Trajectory;67,7;4;0;1978;997;True;False;None;9;20;4;0;
AS21;10;Trajectory;67,8;4;0;1715;1000;True;False;None;9;20;4;0;
AS21;10;Trajectory;67,9;4;0;1442;1007;True;False;None;9;20;4;0;
AS21;10;Trajectory;68,0;4;0;1428;1018;True;False;None;9;20;4;0;
AS21;10;Trajectory;68,1;4;0;1435;1018;True;False;None;9;20;4;0;
AS21;10;Trajectory;68,2;4;0;1432;1015;True;False;None;9;20;4;0;
AS21;10;Trajectory;68,3;4;0;1306;966;True;False;SecondaryView;9;20;4;0;
AS21;10;Trajectory;68,4;4;0;1291;952;True;False;SecondaryView;9;20;4;0;
AS21;10;Trajectory;68,5;4;0;1333;952;True;False;SecondaryView;9;20;4;0;
AS21;10;Trajectory;68,6;4;0;1396;955;True;False;None;9;20;4;0;
AS21;10;Trajectory;68,7;4;0;1383;958;True;False;SecondaryView;9;20;4;0;
AS21;10;Trajectory;68,8;4;0;1299;962;True;False;MainView;9;20;4;0;
AS21;10;Trajectory;68,9;4;0;1169;969;True;False;MainView;9;20;4;0;
AS21;10;Trajectory;69,0;4;0;1116;942;True;False;MainView;9;20;4;0;
AS21;10;Trajectory;69,1;4;0;1319;868;True;False;MainView;9;20;4;0;
AS21;10;Trajectory;69,2;4;0;1466;844;True;False;MainView;9;20;4;0;
AS21;10;Trajectory;69,3;4;0;1456;846;True;False;SecondaryView;9;20;4;0;
AS21;10;Trajectory;69,4;4;0;1449;846;True;False;SecondaryView;9;20;4;0;
AS21;10;Trajectory;69,5;4;0;1432;881;True;False;SecondaryView;9;20;4;0;
AS21;10;Trajectory;69,6;4;0;1456;913;True;False;SecondaryView;9;20;4;0;
AS21;10;Trajectory;69,7;4;0;1456;913;True;False;SecondaryView;9;20;4;0;
AS21;10;Trajectory;69,8;4;0;1463;910;True;False;SecondaryView;9;20;4;0;
AS21;10;Trajectory;69,9;4;0;1473;907;True;False;SecondaryView;9;20;4;0;
AS21;10;Trajectory;70,0;4;0;1473;907;True;False;SecondaryView;9;20;4;0;
AS21;10;Trajectory;70,1;4;0;1477;903;True;False;SecondaryView;9;20;4;0;
AS21;10;Trajectory;70,2;4;0;1477;903;True;False;SecondaryView;9;20;4;0;
AS21;10;Trajectory;70,3;4;0;1480;903;True;False;SecondaryView;9;20;4;0;
AS21;10;Trajectory;70,4;4;0;1481;923;True;False;MainView;9;20;4;0;
AS21;10;Trajectory;70,5;4;0;1481;923;True;False;MainView;9;20;4;0;
AS21;10;Trajectory;70,6;4;0;1481;930;True;False;MainView;9;20;4;0;
AS21;10;Trajectory;70,7;4;0;1494;934;True;False;MainView;9;20;4;0;
AS21;10;Trajectory;70,8;4;0;1638;791;True;False;SecondaryView;9;20;4;0;
AS21;10;Trajectory;70,9;4;0;1621;623;True;False;MainView;9;20;4;0;
AS21;10;Trajectory;71,0;4;0;1621;623;True;False;MainView;9;20;4;0;
AS21;10;Trajectory;71,1;4;0;1624;640;True;False;SecondaryView;10;20;4;0;
AS21;10;Trajectory;71,2;4;0;1596;727;True;False;MainView;10;20;4;0;
AS21;10;Trajectory;71,3;4;0;1558;815;True;False;MainView;10;20;4;0;
AS21;10;Trajectory;71,4;4;0;1512;802;True;False;MainView;10;20;4;0;
AS21;10;Trajectory;71,5;4;0;1474;788;True;False;MainView;10;20;4;0;
AS21;10;Trajectory;71,6;4;0;1446;790;True;False;MainView;10;20;4;0;
AS21;10;Trajectory;71,7;4;0;1446;790;True;False;MainView;10;20;4;0;
AS21;10;Trajectory;71,8;4;0;1446;794;True;False;MainView;10;20;4;0;
AS21;10;Trajectory;71,9;4;0;1439;794;True;False;MainView;10;20;4;0;
AS21;10;Trajectory;72,0;4;0;1411;791;True;False;SecondaryView;10;20;4;0;
AS21;10;Trajectory;72,1;4;0;1411;791;True;False;MainView;10;20;4;0;
AS21;10;Trajectory;72,2;4;0;1428;794;True;False;SecondaryView;10;20;4;0;
AS21;10;Trajectory;72,3;4;0;1509;811;True;False;SecondaryView;10;20;4;0;
AS21;10;Trajectory;72,4;4;0;1495;818;True;False;SecondaryView;10;20;4;0;
AS21;10;Trajectory;72,5;4;0;1495;818;True;False;SecondaryView;10;20;4;0;
AS21;10;Trajectory;72,6;4;0;1495;818;True;False;SecondaryView;10;20;4;0;
AS21;10;Trajectory;72,7;4;0;1501;818;True;False;SecondaryView;10;20;4;0;
AS21;10;Trajectory;72,8;4;0;1501;818;True;False;SecondaryView;10;20;4;0;
AS21;10;Trajectory;72,9;4;0;1501;818;True;False;SecondaryView;10;20;4;0;
AS21;10;Trajectory;73,0;4;0;1501;818;True;False;SecondaryView;10;20;4;0;
AS21;10;Trajectory;73,1;4;0;1501;818;True;False;SecondaryView;10;20;4;0;
AS21;10;Trajectory;73,2;4;0;1501;818;True;False;SecondaryView;10;20;4;0;
AS21;10;Trajectory;73,3;4;0;1501;818;True;False;SecondaryView;10;20;4;0;
AS21;10;Trajectory;73,4;4;0;1505;818;True;False;MainView;10;20;4;0;
AS21;10;Trajectory;73,5;4;0;1512;836;True;False;SecondaryView;10;20;4;0;
AS21;10;Trajectory;73,6;4;0;1512;836;True;False;SecondaryView;10;20;4;0;
AS21;10;Trajectory;73,7;4;0;1512;836;True;False;SecondaryView;10;20;4;0;
AS21;10;Trajectory;73,8;4;0;1512;836;True;False;SecondaryView;10;20;4;0;
AS21;10;Trajectory;73,9;4;0;1509;823;True;False;MainView;10;20;4;0;
AS21;10;Trajectory;74,0;4;0;1456;802;True;False;MainView;10;20;4;0;
AS21;10;Trajectory;74,1;4;0;1383;829;True;False;MainView;10;20;4;0;
AS21;10;Trajectory;74,2;4;0;1396;857;True;False;MainView;10;20;4;0;
AS21;10;Trajectory;74,3;4;0;1421;867;True;False;MainView;10;20;4;0;
AS21;10;Trajectory;74,4;4;0;1421;854;True;False;MainView;10;20;4;0;
AS21;10;Trajectory;74,5;4;0;1424;840;True;False;MainView;10;20;4;0;
AS21;10;Trajectory;74,6;4;0;1418;843;True;False;MainView;10;21;4;0;
AS21;10;Trajectory;74,7;4;0;1379;871;True;False;MainView;10;21;4;0;
AS21;10;Trajectory;74,8;4;0;1376;892;True;False;MainView;10;21;4;0;
AS21;10;Trajectory;74,9;4;0;1393;899;True;False;MainView;10;21;4;0;
AS21;10;Trajectory;75,0;4;0;1403;899;True;False;MainView;10;21;4;0;
AS21;10;Trajectory;75,1;4;0;1417;889;True;False;MainView;10;21;4;0;
AS21;10;Trajectory;75,2;4;0;1428;865;True;False;MainView;10;21;4;0;
AS21;10;Trajectory;75,3;4;0;1435;837;True;False;MainView;10;21;4;0;
AS21;10;Trajectory;75,4;4;0;1425;837;True;False;MainView;10;21;4;0;
AS21;10;Trajectory;75,5;4;0;1418;833;True;False;MainView;10;21;4;0;
AS21;10;Trajectory;75,6;4;0;1418;833;True;False;MainView;10;21;4;0;
AS21;10;Trajectory;75,7;4;0;1418;833;True;False;SecondaryView;10;21;4;0;
AS21;10;Trajectory;75,8;4;0;1418;833;True;False;SecondaryView;10;22;4;0;
AS21;10;Trajectory;75,9;4;0;1418;833;True;False;SecondaryView;10;22;4;0;
AS21;10;Trajectory;76,0;4;0;1418;833;True;False;SecondaryView;10;22;4;0;
AS21;10;Trajectory;76,1;4;0;1414;836;True;False;SecondaryView;10;22;4;0;
AS21;10;Trajectory;76,2;4;0;1411;839;True;False;SecondaryView;10;22;4;0;
AS21;10;Trajectory;76,3;4;0;1411;839;True;False;SecondaryView;10;22;4;0;
AS21;10;Trajectory;76,4;4;0;1411;839;True;False;SecondaryView;10;22;5;0;
AS21;10;Trajectory;76,5;4;0;1411;839;True;False;MainView;10;22;5;0;
AS21;10;Trajectory;76,6;4;0;1417;843;True;False;MainView;10;22;5;0;
AS21;10;Trajectory;76,7;4;0;1421;843;True;False;MainView;10;22;5;0;
AS21;10;Trajectory;76,8;4;0;1421;843;True;False;MainView;10;23;5;0;
AS21;10;Trajectory;76,9;4;0;1404;860;True;False;MainView;10;23;5;0;
AS21;10;Trajectory;77,0;4;0;1379;881;True;False;MainView;10;23;5;0;
AS21;10;Trajectory;77,1;4;0;1389;881;True;False;MainView;10;23;5;0;
AS21;10;Trajectory;77,2;4;0;1417;868;True;False;MainView;10;23;5;0;
AS21;10;Trajectory;77,3;4;0;1435;837;True;False;SecondaryView;10;23;5;0;
AS21;10;Trajectory;77,4;4;0;1421;795;True;False;MainView;10;23;5;0;
AS21;10;Trajectory;77,5;4;0;1414;781;True;False;MainView;10;23;5;0;
AS21;10;Trajectory;77,6;4;0;1407;777;True;False;SecondaryView;10;24;5;0;
AS21;10;Trajectory;77,7;4;0;1390;763;True;False;MainView;10;24;5;0;
AS21;10;Trajectory;77,8;4;0;1386;760;True;False;MainView;10;24;5;0;
AS21;10;Trajectory;77,9;4;0;1393;760;True;False;MainView;10;24;5;0;
AS21;10;Trajectory;78,0;4;0;1407;762;True;False;MainView;10;24;5;0;
AS21;10;Trajectory;78,1;4;0;1407;762;True;False;MainView;10;24;5;0;
AS21;10;Trajectory;78,2;4;0;1421;773;True;False;MainView;10;24;5;0;
AS21;10;Trajectory;78,3;4;0;1435;780;True;False;SecondaryView;10;24;5;0;
AS21;10;Trajectory;78,4;4;0;1425;783;True;False;SecondaryView;10;24;5;0;
AS21;10;Trajectory;78,5;4;0;1421;787;True;False;SecondaryView;11;24;5;0;
AS21;10;Trajectory;78,6;4;0;1421;787;True;False;SecondaryView;11;24;5;0;
AS21;10;Trajectory;78,7;4;0;1421;787;True;False;SecondaryView;11;24;5;0;
AS21;10;Trajectory;78,8;4;0;1418;787;True;False;SecondaryView;11;24;5;0;
AS21;10;Trajectory;78,9;4;0;1414;787;True;False;SecondaryView;12;24;6;0;
AS21;10;Trajectory;79,0;4;0;1400;756;True;False;SecondaryView;12;24;6;0;
AS21;10;Trajectory;79,1;4;0;1390;732;True;False;SecondaryView;12;24;6;0;
AS21;10;Trajectory;79,2;4;0;1383;732;True;False;SecondaryView;12;24;6;0;
AS21;10;Trajectory;79,3;4;0;1393;732;True;False;SecondaryView;12;24;6;0;
AS21;10;Trajectory;79,4;4;0;1400;732;True;False;SecondaryView;12;24;6;0;
AS21;10;Trajectory;79,5;4;0;1403;732;True;False;SecondaryView;12;25;6;0;
AS21;10;Trajectory;79,6;4;0;1397;725;True;False;SecondaryView;12;25;6;0;
AS21;10;Trajectory;79,7;4;0;1372;700;True;False;SecondaryView;12;25;6;0;
AS21;10;Trajectory;79,8;4;0;1369;693;True;False;SecondaryView;12;25;6;0;
AS21;10;Trajectory;79,9;4;0;1407;710;True;False;SecondaryView;12;25;6;0;
AS21;10;Trajectory;80,0;4;0;1414;738;True;False;SecondaryView;12;25;6;0;
AS21;10;Trajectory;80,1;4;0;1417;745;True;False;SecondaryView;12;25;6;0;
AS21;10;Trajectory;80,2;4;0;1417;745;True;False;SecondaryView;12;26;6;0;
AS21;10;Trajectory;80,3;4;0;1417;745;True;False;SecondaryView;12;26;6;0;
AS21;10;Trajectory;80,4;4;0;1417;745;True;False;SecondaryView;12;26;6;0;
AS21;10;Trajectory;80,5;4;0;1417;745;True;False;SecondaryView;12;26;6;0;
AS21;10;Trajectory;80,6;4;0;1417;745;True;False;SecondaryView;12;26;6;0;
AS21;10;Trajectory;80,7;4;0;1438;766;True;False;SecondaryView;12;26;6;0;
AS21;10;Trajectory;80,8;4;0;1435;767;True;False;SecondaryView;12;27;6;0;
AS21;10;Trajectory;80,9;4;0;1407;739;True;False;SecondaryView;12;27;6;0;
AS21;10;Trajectory;81,0;4;0;1390;707;True;False;SecondaryView;12;27;7;0;
AS21;10;Trajectory;81,1;4;0;1386;700;True;False;SecondaryView;12;27;7;0;
AS21;10;Trajectory;81,2;4;0;1389;706;True;False;SecondaryView;12;27;7;0;
AS21;10;Trajectory;81,3;4;0;1389;717;True;False;SecondaryView;12;27;7;0;
AS21;10;Trajectory;81,4;4;0;1389;720;True;False;SecondaryView;12;27;7;0;
AS21;10;Trajectory;81,5;4;0;1389;720;True;False;SecondaryView;12;27;7;0;
AS21;10;Trajectory;81,6;4;0;1400;724;True;False;SecondaryView;12;27;7;0;
AS21;10;Trajectory;81,7;4;0;1414;731;True;False;SecondaryView;12;27;7;0;
AS21;10;Trajectory;81,8;4;0;1438;755;True;False;SecondaryView;12;27;7;0;
AS21;10;Trajectory;81,9;4;0;1473;742;True;False;SecondaryView;12;27;7;0;
AS21;10;Trajectory;82,0;4;0;1477;731;True;False;SecondaryView;12;27;7;0;
AS21;10;Trajectory;82,1;4;0;917;965;True;False;SecondaryView;12;27;7;0;
AS21;10;Trajectory;82,2;4;0;725;1014;True;False;SecondaryView;12;27;7;0;
AS21;10;Trajectory;82,3;4;0;665;991;True;False;SecondaryView;12;27;7;0;
AS21;10;Trajectory;82,4;4;0;473;1011;True;False;SecondaryView;12;27;7;0;
AS21;10;Trajectory;82,5;4;0;245;1074;True;False;SecondaryView;12;27;7;0;
AS21;10;Trajectory;82,6;4;0;112;1105;True;False;MainView;12;27;7;0;
AS21;10;Trajectory;82,7;4;0;-2;1189;True;False;MainView;12;27;7;0;
AS21;10;Trajectory;82,8;4;0;27;1210;True;False;MainView;12;27;7;0;
AS21;10;Trajectory;82,9;4;0;163;1176;True;False;MainView;13;27;7;0;
AS21;10;Trajectory;83,0;4;0;398;1106;True;False;MainView;13;27;7;0;
AS21;10;Trajectory;83,1;4;0;723;1047;True;False;MainView;13;27;7;0;
AS21;10;Trajectory;83,2;4;0;1273;949;True;False;MainView;13;27;7;0;
AS21;10;Trajectory;83,3;4;0;1280;949;True;False;MainView;13;27;7;0;
AS21;10;Trajectory;83,4;4;0;1280;949;True;False;MainView;13;27;7;0;
AS21;10;Trajectory;83,5;4;0;1308;942;True;False;MainView;13;27;7;0;
AS21;10;Trajectory;83,6;4;0;1458;882;True;False;MainView;13;27;7;0;
AS21;10;Trajectory;83,7;4;0;1507;851;True;False;SecondaryView;13;27;7;0;
AS21;10;Trajectory;83,8;4;0;1525;853;True;False;SecondaryView;13;27;7;0;
AS21;10;Trajectory;83,9;4;0;1476;927;True;False;SecondaryView;13;27;7;0;
AS21;10;Trajectory;84,0;4;0;1504;980;True;False;SecondaryView;13;27;7;0;
AS21;10;Trajectory;84,1;4;0;1518;955;True;False;SecondaryView;13;27;7;0;
AS21;10;Trajectory;84,2;4;0;1434;1004;True;False;SecondaryView;13;27;7;0;
AS21;10;Trajectory;84,3;4;0;1389;987;True;False;MainView;13;27;7;0;
AS21;10;Trajectory;84,4;4;0;1388;966;True;False;SecondaryView;13;27;7;0;
AS21;10;Trajectory;84,5;4;0;1420;983;True;False;SecondaryView;13;27;7;0;
AS21;10;Trajectory;84,6;4;0;1469;907;True;False;SecondaryView;13;27;7;0;
AS21;10;Trajectory;84,7;4;0;1469;909;True;False;SecondaryView;13;27;7;0;
AS21;10;Trajectory;84,8;4;0;1462;955;True;False;SecondaryView;13;27;7;0;
AS21;10;Trajectory;84,9;4;0;1483;931;True;False;SecondaryView;13;27;7;0;
AS21;10;Trajectory;85,0;4;0;1490;951;True;False;SecondaryView;13;27;7;0;
AS21;10;Trajectory;85,1;4;0;1490;990;True;False;SecondaryView;13;27;7;0;
AS21;10;Trajectory;85,2;4;0;1493;1014;True;False;SecondaryView;13;27;7;0;
AS21;10;Trajectory;85,3;4;0;1493;1014;True;False;SecondaryView;13;27;7;0;
AS21;10;Trajectory;85,4;4;0;1493;1014;True;False;SecondaryView;13;27;7;0;
AS21;10;Trajectory;85,5;4;0;1480;1014;True;False;SecondaryView;13;27;8;0;
AS21;10;Trajectory;85,6;4;0;1480;1014;True;False;SecondaryView;13;27;8;0;
AS21;10;Trajectory;85,7;4;0;1480;1014;True;False;SecondaryView;13;27;8;0;
AS21;10;Trajectory;85,8;4;0;1480;1014;True;False;SecondaryView;13;28;8;0;
AS21;10;Trajectory;85,9;4;0;1476;1014;True;False;SecondaryView;13;28;8;0;
AS21;10;Trajectory;86,0;4;0;1476;1014;True;False;SecondaryView;13;28;8;0;
AS21;10;Trajectory;86,1;4;0;1476;1014;True;False;SecondaryView;13;28;8;0;
AS21;10;Trajectory;86,2;4;0;1476;1014;True;False;SecondaryView;13;28;8;0;
AS21;10;Trajectory;86,3;4;0;1479;1014;True;False;SecondaryView;13;28;8;0;
AS21;10;Trajectory;86,4;4;0;1511;977;True;False;SecondaryView;13;28;8;0;
AS21;10;Trajectory;86,5;4;0;1535;949;True;False;SecondaryView;13;28;8;0;
AS21;10;Trajectory;86,6;4;0;1539;931;True;False;SecondaryView;13;28;8;0;
AS21;10;Trajectory;86,7;4;0;1542;910;True;False;SecondaryView;13;28;8;0;
AS21;10;Trajectory;86,8;4;0;1525;896;True;False;SecondaryView;13;28;8;0;
AS21;10;Trajectory;86,9;4;0;1501;893;True;False;SecondaryView;13;28;8;0;
AS21;10;Trajectory;87,0;4;0;1501;893;True;False;SecondaryView;13;28;8;0;
AS21;10;Trajectory;87,1;4;0;1490;893;True;False;SecondaryView;13;28;8;0;
AS21;10;Trajectory;87,2;4;0;1487;909;True;False;SecondaryView;13;28;8;0;
AS21;10;Trajectory;87,3;4;0;1487;909;True;False;SecondaryView;13;28;8;0;
AS21;10;Trajectory;87,4;4;0;1487;909;True;False;SecondaryView;13;28;8;0;
AS21;10;Trajectory;87,5;4;0;1487;909;True;False;SecondaryView;13;28;8;0;
AS21;10;Trajectory;87,6;4;0;1476;909;True;False;SecondaryView;13;28;8;0;
AS21;10;Trajectory;87,7;4;0;1445;969;True;False;SecondaryView;13;28;8;0;
AS21;10;Trajectory;87,8;4;0;1469;1035;True;False;SecondaryView;13;28;8;0;
AS21;10;Trajectory;87,9;4;0;1514;1060;True;False;SecondaryView;13;28;8;0;
AS21;10;Trajectory;88,0;4;0;1528;1060;True;False;SecondaryView;13;28;8;0;
AS21;10;Trajectory;88,1;4;0;1528;1060;True;False;SecondaryView;13;28;8;0;
AS21;10;Trajectory;88,2;4;0;1511;1054;True;False;SecondaryView;13;28;8;0;
AS21;10;Trajectory;88,3;4;0;1501;1060;True;False;SecondaryView;13;28;8;0;
AS21;10;Trajectory;88,4;4;0;1501;1077;True;False;SecondaryView;13;28;8;0;
AS21;10;Trajectory;88,5;4;0;1501;1077;True;False;SecondaryView;13;28;8;0;
AS21;10;Trajectory;88,6;4;0;1501;1077;True;False;SecondaryView;13;28;8;0;
AS21;10;Trajectory;88,7;4;0;1501;1077;True;False;SecondaryView;13;28;8;0;
AS21;10;Trajectory;88,8;4;0;1501;1077;True;False;SecondaryView;13;28;8;0;
AS21;10;Trajectory;88,9;4;0;1637;1137;True;False;SecondaryView;13;28;8;0;
AS21;10;Trajectory;89,0;4;0;1634;1169;True;False;SecondaryView;13;28;8;0;
AS21;10;Trajectory;89,1;4;0;1696;956;True;False;SecondaryView;14;28;8;0;
AS21;10;Trajectory;89,2;4;0;1780;658;True;False;SecondaryView;14;28;8;0;
AS21;10;Trajectory;89,3;4;0;1753;661;True;False;SecondaryView;14;28;8;0;
AS21;10;Trajectory;89,4;4;0;1637;741;True;False;MainView;14;28;8;0;
AS21;10;Trajectory;89,5;4;0;1550;783;True;False;MainView;14;28;8;0;
AS21;10;Trajectory;89,6;4;0;1504;801;True;False;MainView;14;28;8;0;
AS21;10;Trajectory;89,7;4;0;1501;804;True;False;MainView;14;28;8;0;
AS21;10;Trajectory;89,8;4;0;1494;836;True;False;MainView;14;28;8;0;
AS21;10;Trajectory;89,9;4;0;1469;871;True;False;SecondaryView;14;28;8;0;
AS21;10;Trajectory;90,0;4;0;1466;881;True;False;SecondaryView;14;28;8;0;
AS21;10;Trajectory;90,1;4;0;1469;913;True;False;SecondaryView;14;28;8;0;
AS21;10;Trajectory;90,2;4;0;1479;955;True;False;SecondaryView;14;28;8;0;
AS21;10;Trajectory;90,3;4;0;1479;986;True;False;SecondaryView;14;28;8;0;
AS21;10;Trajectory;90,4;4;0;1479;986;True;False;SecondaryView;14;29;8;0;
AS21;10;Trajectory;90,5;4;0;1479;986;True;False;SecondaryView;14;29;8;0;
AS21;10;Trajectory;90,6;4;0;1479;986;True;False;SecondaryView;14;29;8;0;
AS21;10;Trajectory;90,7;4;0;1479;986;True;False;SecondaryView;14;29;8;0;
AS21;10;Trajectory;90,8;4;0;1483;980;True;False;SecondaryView;14;29;8;0;
AS21;10;Trajectory;90,9;4;0;1493;973;True;False;SecondaryView;14;29;8;0;
AS21;10;Trajectory;91,0;4;0;1504;997;True;False;SecondaryView;14;29;8;0;
AS21;10;Trajectory;91,1;4;0;1511;1021;True;False;SecondaryView;14;29;8;0;
AS21;10;Trajectory;91,2;4;0;1511;1070;True;False;SecondaryView;14;29;8;0;
AS21;10;Trajectory;91,3;4;0;1549;1123;True;False;SecondaryView;14;29;8;0;
AS21;10;Trajectory;91,4;4;0;1570;1117;True;False;None;14;29;8;0;
AS21;10;Trajectory;91,5;4;0;1574;1099;True;False;None;14;29;8;0;
AS21;10;Trajectory;91,6;4;0;1623;1050;True;False;None;14;29;8;0;
AS21;10;Trajectory;91,7;4;0;1948;970;True;False;None;14;29;8;0;
AS21;10;Trajectory;91,8;4;0;2015;993;True;False;None;14;29;8;0;
AS21;10;Trajectory;91,9;4;0;2095;1014;True;False;None;14;29;8;0;
AS21;10;Trajectory;92,0;4;0;2274;991;True;False;None;14;29;8;0;
AS21;10;Trajectory;92,1;4;0;2302;1000;True;False;None;14;29;8;0;
AS21;10;Trajectory;92,2;4;0;2292;1025;True;False;None;14;29;8;0;
AS21;10;Trajectory;92,3;4;0;2204;1046;True;False;None;14;29;8;0;
AS21;10;Trajectory;92,4;4;0;2194;1043;True;False;None;14;29;8;0;
AS21;10;Trajectory;92,5;4;0;2194;1043;True;False;SecondaryView;14;29;8;0;
AS21;10;Trajectory;92,6;4;0;2190;1040;True;False;SecondaryView;15;29;8;0;
AS21;10;Trajectory;92,7;4;0;2071;998;True;False;SecondaryView;15;29;8;0;
AS21;10;Trajectory;92,8;4;0;1753;949;True;False;SecondaryView;15;29;8;0;
AS21;10;Trajectory;92,9;4;0;1550;914;True;False;SecondaryView;15;29;8;0;
AS21;10;Trajectory;93,0;4;0;1287;910;True;False;SecondaryView;15;29;8;0;
AS21;10;Trajectory;93,1;4;0;1179;907;True;False;SecondaryView;15;29;8;0;
AS21;10;Trajectory;93,2;4;0;1196;907;True;False;SecondaryView;15;29;8;0;
AS21;10;Trajectory;93,3;4;0;1231;907;True;False;SecondaryView;15;29;8;0;
AS21;10;Trajectory;93,4;4;0;1336;916;True;False;SecondaryView;15;29;8;0;
AS21;10;Trajectory;93,5;4;0;1385;927;True;False;SecondaryView;15;29;8;0;
AS21;10;Trajectory;93,6;4;0;1434;917;True;False;SecondaryView;15;29;8;0;
AS21;10;Trajectory;93,7;4;0;1514;886;True;False;SecondaryView;15;29;8;0;
AS21;10;Trajectory;93,8;4;0;1556;833;True;False;SecondaryView;15;29;8;0;
AS21;10;Trajectory;93,9;4;0;1546;798;True;False;SecondaryView;15;29;9;0;
AS21;10;Trajectory;94,0;4;0;1518;777;True;False;SecondaryView;15;29;9;0;
AS21;10;Trajectory;94,1;4;0;1497;774;True;False;SecondaryView;15;29;9;0;
AS21;10;Trajectory;94,2;4;0;1494;774;True;False;SecondaryView;15;29;9;0;
AS21;10;Trajectory;94,3;4;0;1494;774;True;False;SecondaryView;15;29;9;0;
AS21;10;Trajectory;94,4;4;0;1483;776;True;False;SecondaryView;15;29;9;0;
AS21;10;Trajectory;94,5;4;0;1476;787;True;False;MainView;15;29;9;0;
AS21;10;Trajectory;94,6;4;0;1476;787;True;False;MainView;15;29;9;0;
AS21;10;Trajectory;94,7;4;0;1479;790;True;False;MainView;15;30;9;0;
AS21;10;Trajectory;94,8;4;0;1497;797;True;False;MainView;15;30;9;0;
AS21;10;Trajectory;94,9;4;0;1500;801;True;False;MainView;15;30;9;0;
AS21;10;Trajectory;95,0;4;0;1500;801;True;False;MainView;15;30;9;0;
AS21;10;Trajectory;95,1;4;0;1500;801;True;False;MainView;15;30;9;0;
AS21;10;Trajectory;95,2;4;0;1507;857;True;False;MainView;15;30;9;0;
AS21;10;Trajectory;95,3;4;0;1511;920;True;False;MainView;15;30;9;0;
AS21;10;Trajectory;95,4;4;0;1462;972;True;False;MainView;15;30;9;0;
AS21;10;Trajectory;95,5;4;0;1347;1081;True;False;MainView;15;30;9;0;
AS21;10;Trajectory;95,6;4;0;1105;1196;True;False;MainView;15;30;9;0;
AS21;10;Trajectory;95,7;4;0;1073;1249;True;False;MainView;15;30;9;0;
AS21;10;Trajectory;95,8;4;0;1119;1252;True;False;MainView;15;30;9;0;
AS21;10;Trajectory;95,9;4;0;1112;1266;True;False;MainView;15;30;9;0;
AS21;10;Trajectory;96,0;4;0;1416;1236;True;False;SecondaryView;15;30;9;0;
AS21;10;Trajectory;96,1;4;0;1847;1155;True;False;SecondaryView;15;30;9;0;
AS21;10;Trajectory;96,2;4;0;1816;1161;True;False;None;15;30;9;0;
AS21;10;Trajectory;96,3;4;0;1840;1162;True;False;None;15;30;9;0;
AS21;10;Trajectory;96,4;4;0;2092;1092;True;False;None;15;30;9;0;
AS21;10;Trajectory;96,5;4;0;2165;1061;True;False;None;15;30;9;0;
AS21;10;Trajectory;96,6;4;0;2200;1026;True;False;None;15;30;9;0;
AS21;10;Trajectory;96,7;4;0;2260;984;True;False;None;15;30;9;0;
AS21;10;Trajectory;96,8;4;0;2243;984;True;False;None;16;30;9;0;
AS21;10;Trajectory;96,9;4;0;2187;986;True;False;None;16;30;9;0;
AS21;10;Trajectory;97,0;4;0;2120;986;True;False;None;16;30;9;0;
AS21;10;Trajectory;97,1;4;0;1917;984;True;False;None;16;30;9;0;
AS21;10;Trajectory;97,2;4;0;1455;1014;True;False;None;16;30;9;0;
AS21;10;Trajectory;97,3;4;0;1458;1018;True;False;SecondaryView;16;30;9;0;
AS21;10;Trajectory;97,4;4;0;1462;1018;True;False;MainView;16;30;9;0;
AS21;10;Trajectory;97,5;4;0;1476;1015;True;False;SecondaryView;16;30;9;0;
AS21;10;Trajectory;97,6;4;0;1459;970;True;False;SecondaryView;16;30;9;0;
AS21;10;Trajectory;97,7;4;0;1476;945;True;False;SecondaryView;16;30;9;0;
AS21;10;Trajectory;97,8;4;0;1479;945;True;False;SecondaryView;16;30;9;0;
AS21;10;Trajectory;97,9;4;0;1445;955;True;False;SecondaryView;16;30;9;0;
AS21;10;Trajectory;98,0;4;0;1448;1007;True;False;SecondaryView;16;30;9;0;
AS21;10;Trajectory;98,1;4;0;1448;1007;True;False;SecondaryView;16;30;9;0;
AS21;10;Trajectory;98,2;4;0;1448;984;True;False;SecondaryView;16;30;9;0;
AS21;10;Trajectory;98,3;4;0;1497;872;True;False;SecondaryView;16;30;9;0;
AS21;10;Trajectory;98,4;4;0;1542;979;True;False;SecondaryView;16;30;9;0;
AS21;10;Trajectory;98,5;4;0;1574;1001;True;False;SecondaryView;16;30;9;0;
AS21;10;Trajectory;98,6;4;0;1606;949;True;False;SecondaryView;16;30;9;0;
AS21;10;Trajectory;98,7;4;0;1522;990;True;False;SecondaryView;16;30;9;0;
AS21;10;Trajectory;98,8;4;0;1511;1014;True;False;SecondaryView;16;30;9;0;
AS21;10;Trajectory;98,9;4;0;1542;970;True;False;SecondaryView;16;30;9;0;
AS21;10;Trajectory;99,0;4;0;1542;976;True;False;SecondaryView;16;30;10;0;
AS21;10;Trajectory;99,1;4;0;1536;976;True;False;SecondaryView;16;30;10;0;
AS21;10;Trajectory;99,2;4;0;1518;986;True;False;SecondaryView;16;30;10;0;
AS21;10;Trajectory;99,3;4;0;1515;990;True;False;SecondaryView;16;30;10;0;
AS21;10;Trajectory;99,4;4;0;1504;990;True;False;SecondaryView;16;30;10;0;
AS21;10;Trajectory;99,5;4;0;1504;990;True;False;SecondaryView;16;31;10;0;
AS21;10;Trajectory;99,6;4;0;1504;990;True;False;SecondaryView;16;31;10;0;
AS21;10;Trajectory;99,7;4;0;1507;993;True;False;SecondaryView;16;31;10;0;
AS21;10;Trajectory;99,8;4;0;1507;993;True;False;SecondaryView;16;31;10;0;
AS21;10;Trajectory;99,9;4;0;1507;993;True;False;SecondaryView;16;31;10;0;
AS21;10;Trajectory;100,0;4;0;1507;993;True;False;SecondaryView;16;31;10;0;
AS21;10;Trajectory;100,1;4;0;1511;1000;True;False;SecondaryView;16;31;10;0;
AS21;10;Trajectory;100,2;4;0;1504;1007;True;False;SecondaryView;16;31;10;0;
AS21;10;Trajectory;100,3;4;0;1483;1060;True;False;SecondaryView;16;31;10;0;
AS21;10;Trajectory;100,4;4;0;1490;1081;True;False;SecondaryView;16;31;10;0;
AS21;10;Trajectory;100,5;4;0;1535;1078;True;False;SecondaryView;16;31;10;0;
AS21;10;Trajectory;100,6;4;0;1560;1061;True;False;None;16;31;10;0;
AS21;10;Trajectory;100,7;4;0;1563;1061;True;False;None;16;31;10;0;
AS21;10;Trajectory;100,8;4;0;1557;1063;True;False;SecondaryView;16;31;10;0;
AS21;10;Trajectory;100,9;4;0;1557;1061;True;False;SecondaryView;16;31;10;0;
AS21;10;Trajectory;101,0;4;0;1550;1057;True;False;SecondaryView;16;31;10;0;
AS21;10;Trajectory;101,1;4;0;1539;1074;True;False;SecondaryView;16;31;10;0;
AS21;10;Trajectory;101,2;4;0;1529;1091;True;False;SecondaryView;16;31;10;0;
AS21;10;Trajectory;101,3;4;0;1522;1091;True;False;SecondaryView;16;31;10;0;
AS21;10;Trajectory;101,4;4;0;1522;1091;True;False;SecondaryView;16;31;10;0;
AS21;10;Trajectory;101,5;4;0;1511;1050;True;False;SecondaryView;16;31;10;0;
AS21;10;Trajectory;101,6;4;0;1563;1026;True;False;SecondaryView;16;31;10;0;
AS21;10;Trajectory;101,7;4;0;1563;1026;True;False;SecondaryView;16;31;10;0;
AS21;10;Trajectory;101,8;4;0;1563;1026;True;False;SecondaryView;16;31;10;0;
AS21;10;Trajectory;101,9;4;0;1550;1026;True;False;SecondaryView;16;31;10;0;
AS21;10;Trajectory;102,0;4;0;1550;1026;True;False;SecondaryView;16;31;10;0;
AS21;10;Trajectory;102,1;4;0;1518;1088;True;False;SecondaryView;16;31;10;0;
AS21;10;Trajectory;102,2;4;0;1497;1151;True;False;SecondaryView;16;31;10;0;
AS21;10;Trajectory;102,3;4;0;1487;1172;True;False;SecondaryView;16;31;10;0;
AS21;10;Trajectory;102,4;4;0;1483;1186;True;False;SecondaryView;16;31;10;0;
AS21;10;Trajectory;102,5;4;0;1483;1189;True;False;SecondaryView;16;31;10;0;
AS21;10;Trajectory;102,6;4;0;1490;1189;True;False;SecondaryView;16;31;10;0;
AS21;10;Trajectory;102,7;4;0;1493;1193;True;False;SecondaryView;16;31;10;0;
AS21;10;Trajectory;102,8;4;0;1500;1196;True;False;SecondaryView;16;31;10;0;
AS21;10;Trajectory;102,9;4;0;1500;1207;True;False;SecondaryView;16;31;10;0;
AS21;10;Trajectory;103,0;4;0;1500;1201;True;False;SecondaryView;16;31;10;0;
AS21;10;Trajectory;103,1;4;0;1494;1187;True;False;SecondaryView;16;31;10;0;
AS21;10;Trajectory;103,2;4;0;1480;1203;True;False;SecondaryView;16;31;10;0;
AS21;10;Trajectory;103,3;4;0;1490;1231;True;False;SecondaryView;16;31;10;0;
AS21;10;Trajectory;103,4;4;0;1521;1215;True;False;SecondaryView;16;31;10;0;
AS21;10;Trajectory;103,5;4;0;1542;1211;True;False;SecondaryView;16;31;10;0;
AS21;10;Trajectory;103,6;4;0;1574;1201;True;False;SecondaryView;16;31;10;0;
AS21;10;Trajectory;103,7;3;1;1637;1015;False;True;SecondaryView;17;31;10;0;
AS21;10;Trajectory;103,8;3;1;1640;935;False;True;SecondaryView;17;31;10;0;
AS21;10;Trajectory;103,9;3;1;1616;948;False;True;SecondaryView;17;31;10;0;
AS21;10;Trajectory;104,0;3;1;1581;951;False;True;SecondaryView;17;31;10;0;
AS21;10;Trajectory;104,1;3;1;1529;949;False;True;SecondaryView;17;31;10;0;
AS21;10;Trajectory;104,2;3;1;1480;965;False;True;SecondaryView;17;31;10;0;
AS21;10;Trajectory;104,3;3;1;1486;1004;False;True;SecondaryView;17;31;10;0;
AS21;10;Trajectory;104,4;3;1;1486;1021;False;True;SecondaryView;17;31;10;0;
AS21;10;Trajectory;104,5;3;1;1486;1032;False;True;SecondaryView;17;31;10;0;
AS21;10;Trajectory;104,6;3;1;1497;1046;False;True;SecondaryView;17;31;10;0;
AS21;10;Trajectory;104,7;3;1;1500;1053;False;True;SecondaryView;17;31;10;0;
AS21;10;Trajectory;104,8;3;1;1504;1053;False;True;SecondaryView;17;31;10;0;
AS21;10;Trajectory;104,9;3;1;1504;1056;False;True;SecondaryView;17;31;10;0;
AS21;10;Trajectory;105,0;3;1;1507;1056;False;True;SecondaryView;17;31;10;0;
AS21;10;Trajectory;105,1;3;1;1507;1056;False;True;SecondaryView;17;31;10;0;
AS21;10;Trajectory;105,2;3;1;1507;1056;False;True;SecondaryView;17;31;10;0;
AS21;10;Trajectory;105,3;3;1;1507;1056;False;True;SecondaryView;17;31;10;0;
AS21;10;Trajectory;105,4;3;1;1507;1056;False;True;SecondaryView;17;32;10;0;
AS21;10;Trajectory;105,5;3;1;1507;1056;False;True;SecondaryView;17;32;10;0;
AS21;10;Trajectory;105,6;3;1;1507;1056;False;True;SecondaryView;17;32;10;0;
AS21;10;Trajectory;105,7;3;1;1507;1056;False;True;SecondaryView;17;32;10;0;
AS21;10;Trajectory;105,8;3;1;1507;1056;False;True;SecondaryView;17;32;10;0;
AS21;10;Trajectory;105,9;3;1;1507;1056;False;True;SecondaryView;17;32;10;0;
AS21;10;Trajectory;106,0;3;1;1507;1056;False;True;SecondaryView;17;32;10;0;
AS21;10;Trajectory;106,1;3;1;1507;1056;False;True;SecondaryView;17;32;10;0;
AS21;10;Trajectory;106,2;3;1;1507;1056;False;True;SecondaryView;17;32;10;0;
AS21;10;Trajectory;106,3;3;1;1507;1054;False;True;SecondaryView;17;32;10;0;
AS21;10;Trajectory;106,4;3;1;1504;1036;False;True;SecondaryView;17;32;10;0;
AS21;10;Trajectory;106,5;3;1;1501;980;False;True;SecondaryView;17;32;10;0;
AS21;10;Trajectory;106,6;3;1;1501;917;False;True;SecondaryView;17;32;10;0;
AS21;10;Trajectory;106,7;3;1;1501;861;False;True;SecondaryView;17;32;10;0;
AS21;10;Trajectory;106,8;3;1;1494;837;False;True;SecondaryView;17;32;10;0;
AS21;10;Trajectory;106,9;3;1;1494;830;False;True;SecondaryView;17;32;10;0;
AS21;10;Trajectory;107,0;3;1;1494;830;False;True;MainView;17;32;10;0;
AS21;10;Trajectory;107,1;3;1;1490;830;False;True;MainView;17;33;10;0;
AS21;10;Trajectory;107,2;3;1;1487;832;False;True;MainView;17;33;10;0;
AS21;10;Trajectory;107,3;3;1;1490;846;False;True;MainView;17;33;10;0;
AS21;10;Trajectory;107,4;3;1;1493;867;False;True;MainView;17;33;10;0;
AS21;10;Trajectory;107,5;3;1;1497;874;False;True;MainView;17;33;10;0;
AS21;10;Trajectory;107,6;3;1;1497;874;False;True;MainView;17;33;10;0;
AS21;10;Trajectory;107,7;3;1;1497;874;False;True;MainView;17;33;10;0;
AS21;10;Trajectory;107,8;3;1;1497;874;False;True;MainView;17;34;10;0;
AS21;10;Trajectory;107,9;3;1;1497;874;False;True;MainView;17;34;10;0;
AS21;10;Trajectory;108,0;3;1;1497;874;False;True;MainView;17;34;10;0;
AS21;10;Trajectory;108,1;3;1;1497;874;False;True;MainView;17;34;10;0;
AS21;10;Trajectory;108,2;3;1;1497;874;False;True;MainView;17;34;10;0;
AS21;10;Trajectory;108,3;3;1;1497;878;False;True;MainView;17;34;10;0;
AS21;10;Trajectory;108,4;3;1;1507;909;False;True;MainView;17;34;10;0;
AS21;10;Trajectory;108,5;3;1;1511;923;False;True;MainView;17;34;10;0;
AS21;10;Trajectory;108,6;3;1;1511;927;False;True;MainView;17;34;10;0;
AS21;10;Trajectory;108,7;3;1;1504;924;False;True;MainView;17;34;10;0;
AS21;10;Trajectory;108,8;3;1;1497;921;False;True;MainView;17;34;10;0;
AS21;10;Trajectory;108,9;3;1;1497;910;False;True;MainView;17;34;10;0;
AS21;10;Trajectory;109,0;3;1;1497;910;False;True;MainView;17;34;10;0;
AS21;10;Trajectory;109,1;3;1;1497;910;False;True;MainView;17;34;10;0;
AS21;10;Trajectory;109,2;3;1;1500;910;False;True;MainView;17;34;10;0;
AS21;10;Trajectory;109,3;3;1;1500;910;False;True;MainView;17;34;10;0;
AS21;10;Trajectory;109,4;3;1;1504;910;False;True;MainView;17;34;10;0;
AS21;10;Trajectory;109,5;3;1;1504;913;False;True;MainView;17;34;10;0;
AS21;10;Trajectory;109,6;3;1;1501;916;False;True;MainView;17;34;10;0;
AS21;10;Trajectory;109,7;3;1;1501;916;False;True;MainView;17;34;10;0;
AS21;10;Trajectory;109,8;3;1;1501;916;False;True;MainView;17;34;10;0;
AS21;10;Trajectory;109,9;3;1;1501;916;False;True;SecondaryView;17;34;10;0;
AS21;10;Trajectory;110,0;3;1;1501;916;False;True;SecondaryView;17;34;10;0;
AS21;10;Trajectory;110,1;3;1;1501;916;False;True;MainView;17;34;10;0;
AS21;10;Trajectory;110,2;3;1;1501;916;False;True;MainView;17;34;10;0;
AS21;10;Trajectory;110,3;3;1;1501;916;False;True;MainView;17;34;10;0;
AS21;10;Trajectory;110,4;3;1;1501;923;False;True;MainView;17;34;10;0;
AS21;10;Trajectory;110,5;3;1;1501;934;False;True;MainView;17;34;10;0;
AS21;10;Trajectory;110,6;3;1;1501;937;False;True;MainView;17;34;10;0;
AS21;10;Trajectory;110,7;3;1;1501;937;False;True;MainView;17;34;10;0;
AS21;10;Trajectory;110,8;3;1;1501;937;False;True;MainView;17;35;10;0;
AS21;10;Trajectory;110,9;3;1;1501;941;False;True;MainView;17;35;10;0;
AS21;10;Trajectory;111,0;3;1;1501;948;False;True;MainView;17;35;10;0;
AS21;10;Trajectory;111,1;3;1;1501;948;False;True;MainView;17;35;10;0;
AS21;10;Trajectory;111,2;3;1;1514;965;False;True;MainView;17;35;10;0;
AS21;10;Trajectory;111,3;3;1;1518;979;False;True;MainView;17;35;10;0;
AS21;10;Trajectory;111,4;3;1;1518;979;False;True;MainView;17;35;10;0;
AS21;10;Trajectory;111,5;3;1;1508;979;False;True;MainView;17;35;10;0;
AS21;10;Trajectory;111,6;3;1;1497;973;False;True;MainView;17;35;10;0;
AS21;10;Trajectory;111,7;3;1;1497;973;False;True;MainView;17;35;10;0;
AS21;10;Trajectory;111,8;3;1;1497;970;False;True;MainView;17;35;10;0;
AS21;10;Trajectory;111,9;3;1;1497;970;False;True;MainView;17;35;10;0;
AS21;10;Trajectory;112,0;3;1;1494;963;False;True;MainView;17;35;10;0;
AS21;10;Trajectory;112,1;3;1;1494;963;False;True;MainView;17;35;10;0;
AS21;10;Trajectory;112,2;3;1;1494;963;False;True;MainView;17;35;10;0;
AS21;10;Trajectory;112,3;3;1;1494;959;False;True;MainView;17;35;10;0;
AS21;10;Trajectory;112,4;3;1;1497;956;False;True;MainView;17;35;10;0;
AS21;10;Trajectory;112,5;3;1;1511;956;False;True;MainView;17;35;10;0;
AS21;10;Trajectory;112,6;3;1;1532;1000;False;True;MainView;17;35;10;0;
AS21;10;Trajectory;112,7;3;1;1529;1028;False;True;MainView;17;35;10;0;
AS21;10;Trajectory;112,8;3;1;1529;1028;False;True;MainView;17;35;10;0;
AS21;10;Trajectory;112,9;3;1;1546;1028;False;True;MainView;17;35;10;0;
AS21;10;Trajectory;113,0;3;1;1553;1028;False;True;MainView;17;35;10;0;
AS21;10;Trajectory;113,1;3;1;1570;1032;False;True;MainView;17;35;10;0;
AS21;10;Trajectory;113,2;3;1;1665;1042;False;True;MainView;17;35;10;0;
AS21;10;Trajectory;113,3;3;1;1637;903;False;True;SecondaryView;18;35;10;0;
AS21;10;Trajectory;113,4;3;1;1567;749;False;True;MainView;18;35;10;0;
AS21;10;Trajectory;113,5;3;1;1515;755;False;True;MainView;18;35;10;0;
AS21;10;Trajectory;113,6;3;1;1511;769;False;True;MainView;18;35;10;0;
AS21;10;Trajectory;113,7;3;1;1521;818;False;True;MainView;18;35;10;0;
AS21;10;Trajectory;113,8;3;1;1525;822;False;True;SecondaryView;18;35;10;0;
AS21;10;Trajectory;113,9;3;1;1525;822;False;True;MainView;18;35;10;0;
AS21;10;Trajectory;114,0;3;1;1525;822;False;True;MainView;18;35;10;0;
AS21;10;Trajectory;114,1;3;1;1528;822;False;True;MainView;18;35;10;0;
AS21;10;Trajectory;114,2;3;1;1528;822;False;True;MainView;18;35;10;0;
AS21;10;Trajectory;114,3;3;1;1532;819;False;True;SecondaryView;18;35;10;0;
AS21;10;Trajectory;114,4;3;1;1532;819;False;True;SecondaryView;18;35;10;0;
AS21;10;Trajectory;114,5;3;1;1532;819;False;True;SecondaryView;18;35;10;0;
AS21;10;Trajectory;114,6;3;1;1553;829;False;True;SecondaryView;18;35;10;0;
AS21;10;Trajectory;114,7;3;1;1553;829;False;True;SecondaryView;18;35;10;0;
AS21;10;Trajectory;114,8;3;1;1539;826;False;True;SecondaryView;18;35;10;0;
AS21;10;Trajectory;114,9;3;1;1490;823;False;True;SecondaryView;18;35;10;0;
AS21;10;Trajectory;115,0;3;1;1483;823;False;True;SecondaryView;18;35;10;0;
AS21;10;Trajectory;115,1;3;1;1507;874;False;True;SecondaryView;18;35;10;0;
AS21;10;Trajectory;115,2;3;1;1532;909;False;True;SecondaryView;18;35;10;0;
AS21;10;Trajectory;115,3;3;1;1535;909;False;True;SecondaryView;18;35;10;0;
AS21;10;Trajectory;115,4;3;1;1535;909;False;True;SecondaryView;18;35;10;0;
AS21;10;Trajectory;115,5;3;1;1525;907;False;True;SecondaryView;18;35;10;0;
AS21;10;Trajectory;115,6;3;1;1518;900;False;True;SecondaryView;18;35;10;0;
AS21;10;Trajectory;115,7;3;1;1518;900;False;True;SecondaryView;18;35;10;0;
AS21;10;Trajectory;115,8;3;1;1525;900;False;True;SecondaryView;18;35;10;0;
AS21;10;Trajectory;115,9;3;1;1525;900;False;True;SecondaryView;18;35;10;0;
AS21;10;Trajectory;116,0;3;1;1525;900;False;True;SecondaryView;18;36;10;0;
AS21;10;Trajectory;116,1;3;1;1525;900;False;True;SecondaryView;18;36;10;0;
AS21;10;Trajectory;116,2;3;1;1528;900;False;True;SecondaryView;18;36;10;0;
AS21;10;Trajectory;116,3;3;1;1528;900;False;True;SecondaryView;18;36;10;0;
AS21;10;Trajectory;116,4;3;1;1528;916;False;True;SecondaryView;18;36;10;0;
AS21;10;Trajectory;116,5;3;1;1528;948;False;True;SecondaryView;18;36;10;0;
AS21;10;Trajectory;116,6;3;1;1525;955;False;True;SecondaryView;18;36;10;0;
AS21;10;Trajectory;116,7;3;1;1525;965;False;True;SecondaryView;18;36;10;0;
AS21;10;Trajectory;116,8;3;1;1528;979;False;True;SecondaryView;18;36;10;0;
AS21;10;Trajectory;116,9;3;1;1535;1018;False;True;SecondaryView;18;36;10;0;
AS21;10;Trajectory;117,0;3;1;1535;1025;False;True;SecondaryView;18;37;10;0;
AS21;10;Trajectory;117,1;3;1;1535;1028;False;True;SecondaryView;18;37;10;0;
AS21;10;Trajectory;117,2;3;1;1535;1032;False;True;SecondaryView;18;37;10;0;
AS21;10;Trajectory;117,3;3;1;1532;1032;False;True;SecondaryView;18;37;10;0;
AS21;10;Trajectory;117,4;3;1;1525;1042;False;True;SecondaryView;18;37;10;0;
AS21;10;Trajectory;117,5;3;1;1515;1091;False;True;SecondaryView;18;37;10;0;
AS21;10;Trajectory;117,6;3;1;1542;1109;False;True;SecondaryView;18;37;10;0;
AS21;10;Trajectory;117,7;3;1;1609;1116;False;True;SecondaryView;18;37;10;0;
AS21;10;Trajectory;117,8;3;1;1616;1123;False;True;SecondaryView;18;37;10;0;
AS21;10;Trajectory;117,9;3;1;1637;1110;False;True;SecondaryView;18;37;10;0;
AS21;10;Trajectory;118,0;3;1;1634;1110;False;True;SecondaryView;18;37;10;0;
AS21;10;Trajectory;118,1;3;1;1623;1110;False;True;SecondaryView;18;37;10;0;
AS21;10;Trajectory;118,2;3;1;1626;1113;False;True;SecondaryView;18;37;10;0;
AS21;10;Trajectory;118,3;3;1;1647;928;False;True;SecondaryView;19;37;10;0;
AS21;10;Trajectory;118,4;3;1;1641;749;False;True;SecondaryView;19;37;10;0;
AS21;10;Trajectory;118,5;3;1;1620;766;False;True;SecondaryView;19;37;10;0;
AS21;10;Trajectory;118,6;3;1;1574;860;False;True;SecondaryView;19;37;10;0;
AS21;10;Trajectory;118,7;3;1;1556;927;False;True;SecondaryView;19;37;10;0;
AS21;10;Trajectory;118,8;3;1;1532;972;False;True;SecondaryView;19;37;10;0;
AS21;10;Trajectory;118,9;3;1;1518;997;False;True;SecondaryView;19;37;10;0;
AS21;10;Trajectory;119,0;3;1;1511;1007;False;True;SecondaryView;19;37;10;0;
AS21;10;Trajectory;119,1;3;1;1511;1005;False;True;SecondaryView;19;37;10;0;
AS21;10;Trajectory;119,2;3;1;1521;879;False;True;SecondaryView;19;37;10;0;
AS21;10;Trajectory;119,3;3;1;1525;777;False;True;SecondaryView;19;37;10;0;
AS21;10;Trajectory;119,4;3;1;1522;732;False;True;SecondaryView;19;37;10;0;
AS21;10;Trajectory;119,5;3;1;1522;728;False;True;SecondaryView;19;37;10;0;
AS21;10;Trajectory;119,6;3;1;1522;728;False;True;SecondaryView;20;37;10;0;
AS21;10;Trajectory;119,7;3;1;1522;755;False;True;SecondaryView;20;37;10;0;
AS21;10;Trajectory;119,8;3;1;1522;815;False;True;SecondaryView;20;37;10;0;
AS21;10;Trajectory;119,9;3;1;1522;829;False;True;SecondaryView;20;37;10;0;
