userID;scenarioID;controlMode;elapsedTimeSinceAccess;activeRequests;succeededRequests;mousePositionX;mousePositionY;usingMultiView;usingSingleViewMain;EyeGazeArea;MouseTravelDistanceInCm;mouseClickLeft;mouseClickRight;pressLeftCtrl;pressShift;
RZ22;8;InteractivePathPlanning;0,0;3;0;1307;639;False;False;None;0;0;0;0;0;
RZ22;8;InteractivePathPlanning;0,1;3;0;1307;639;False;False;None;0;0;0;0;0;
RZ22;8;InteractivePathPlanning;0,2;3;0;1307;639;False;False;None;0;0;0;0;0;
RZ22;8;InteractivePathPlanning;0,3;3;0;1307;639;False;False;None;0;0;0;0;0;
RZ22;8;InteractivePathPlanning;0,4;3;0;1307;639;False;False;None;0;0;0;0;0;
RZ22;8;InteractivePathPlanning;0,5;3;0;1307;639;False;False;MainView;0;0;0;0;0;
RZ22;8;InteractivePathPlanning;0,6;3;0;1353;636;False;False;MainView;1,257357;0;0;0;0;
RZ22;8;InteractivePathPlanning;0,7;3;0;1384;633;False;False;MainView;2,155175;0;0;0;0;
RZ22;8;InteractivePathPlanning;0,8;3;0;1150;734;False;False;MainView;9,011721;0;0;0;0;
RZ22;8;InteractivePathPlanning;0,9;3;0;846;926;False;False;MainView;18,78906;0;0;0;0;
RZ22;8;InteractivePathPlanning;1,0;3;0;632;1119;False;False;MainView;26,53146;0;0;0;0;
RZ22;8;InteractivePathPlanning;1,1;3;0;391;1266;False;False;MainView;34,28806;0;0;0;0;
RZ22;8;InteractivePathPlanning;1,2;3;0;153;1346;False;False;MainView;41,03118;0;0;0;0;
RZ22;8;InteractivePathPlanning;1,3;3;0;149;1350;False;False;MainView;41,18251;0;0;0;0;
RZ22;8;InteractivePathPlanning;1,4;3;0;163;1308;False;False;MainView;42,41864;0;0;0;0;
RZ22;8;InteractivePathPlanning;1,5;3;0;198;1266;False;False;MainView;43,89211;1;0;0;0;
RZ22;8;InteractivePathPlanning;1,6;3;0;229;1256;False;False;MainView;44,07938;1;0;0;0;
RZ22;8;InteractivePathPlanning;1,7;3;0;628;1126;False;False;MainView;56,01986;1;0;0;0;
RZ22;8;InteractivePathPlanning;1,8;3;0;929;962;False;False;MainView;65,25164;1;0;0;0;
RZ22;8;InteractivePathPlanning;1,9;3;0;1097;818;False;False;MainView;70,17337;1;0;0;0;
RZ22;8;InteractivePathPlanning;2,0;3;0;1157;769;False;True;MainView;73,32201;1;0;0;0;
RZ22;8;InteractivePathPlanning;2,1;3;0;1227;738;False;True;MainView;75,47726;1;0;0;0;
RZ22;8;InteractivePathPlanning;2,2;3;0;1472;608;False;True;MainView;82,32852;1;0;0;0;
RZ22;8;InteractivePathPlanning;2,3;3;0;1472;611;False;True;MainView;83,47223;1;0;0;0;
RZ22;8;InteractivePathPlanning;2,4;3;0;1434;629;False;True;MainView;84,64762;1;0;0;0;
RZ22;8;InteractivePathPlanning;2,5;3;0;1423;671;False;True;SecondaryView;86,01517;1;0;0;0;
RZ22;8;InteractivePathPlanning;2,6;3;0;1486;702;False;True;SecondaryView;87,89851;1;0;0;0;
RZ22;8;InteractivePathPlanning;2,7;3;0;1486;706;False;True;None;88,00552;1;0;0;0;
RZ22;8;InteractivePathPlanning;2,8;3;0;1479;699;False;True;None;88,31736;1;0;0;0;
RZ22;8;InteractivePathPlanning;2,9;3;0;1479;699;False;True;None;88,31736;1;0;0;0;
RZ22;8;InteractivePathPlanning;3,0;3;0;1489;710;False;True;None;88,92997;1;0;0;0;
RZ22;8;InteractivePathPlanning;3,1;3;0;1850;580;False;True;None;99,62843;1;0;0;0;
RZ22;8;InteractivePathPlanning;3,2;3;0;2042;650;False;True;None;105,7571;1;0;0;0;
RZ22;8;InteractivePathPlanning;3,3;3;0;2046;825;False;True;None;110,4621;1;0;0;0;
RZ22;8;InteractivePathPlanning;3,4;3;0;2049;843;False;True;None;111,4872;1;0;0;0;
RZ22;8;InteractivePathPlanning;3,5;3;0;2056;825;False;True;None;112,0934;1;0;0;0;
RZ22;8;InteractivePathPlanning;3,6;3;0;2116;895;False;True;None;114,6321;1;0;0;0;
RZ22;8;InteractivePathPlanning;3,7;3;0;2151;919;False;True;None;115,8863;1;0;0;0;
RZ22;8;InteractivePathPlanning;3,8;3;0;2186;923;False;True;None;116,9297;1;0;0;0;
RZ22;8;InteractivePathPlanning;3,9;3;0;2189;923;False;True;None;117,0099;1;0;0;0;
RZ22;8;InteractivePathPlanning;4,0;3;0;2189;923;False;True;None;117,0099;1;0;0;0;
RZ22;8;InteractivePathPlanning;4,1;3;0;2203;909;False;True;None;117,5882;1;0;0;0;
RZ22;8;InteractivePathPlanning;4,2;3;0;2203;909;False;True;None;117,5882;1;0;0;0;
RZ22;8;InteractivePathPlanning;4,3;3;0;2203;909;False;True;None;117,5882;1;0;0;0;
RZ22;8;InteractivePathPlanning;4,4;3;0;2203;909;False;True;None;117,5882;1;0;0;1;
RZ22;8;InteractivePathPlanning;4,5;3;0;2203;909;False;True;None;117,5882;1;0;0;1;
RZ22;8;InteractivePathPlanning;4,6;3;0;2203;909;False;True;None;117,5882;1;0;0;1;
RZ22;8;InteractivePathPlanning;4,7;3;0;2207;909;False;True;None;117,6952;1;0;0;1;
RZ22;8;InteractivePathPlanning;4,8;3;0;2207;888;False;True;SecondaryView;118,257;1;0;0;1;
RZ22;8;InteractivePathPlanning;4,9;3;0;2207;871;False;True;SecondaryView;118,7118;1;0;0;1;
RZ22;8;InteractivePathPlanning;5,0;3;0;2207;871;False;True;SecondaryView;118,7118;1;0;0;1;
RZ22;8;InteractivePathPlanning;5,1;3;0;2207;871;False;True;SecondaryView;118,7118;1;0;0;1;
RZ22;8;InteractivePathPlanning;5,2;3;0;2207;871;False;True;None;118,7118;1;0;1;1;
RZ22;8;InteractivePathPlanning;5,3;3;0;2207;871;False;True;SecondaryView;118,7118;1;0;1;1;
RZ22;8;InteractivePathPlanning;5,4;3;0;2207;871;False;True;None;118,7118;1;0;1;1;
RZ22;8;InteractivePathPlanning;5,5;3;0;2207;871;False;True;None;118,7118;1;0;1;1;
RZ22;8;InteractivePathPlanning;5,6;3;0;2214;895;False;True;None;119,4547;1;0;1;1;
RZ22;8;InteractivePathPlanning;5,7;3;0;2221;909;False;True;None;119,9695;1;0;1;1;
RZ22;8;InteractivePathPlanning;5,8;3;0;2231;923;False;True;None;120,4575;1;0;1;1;
RZ22;8;InteractivePathPlanning;5,9;3;0;2235;933;False;True;None;120,939;1;0;1;1;
RZ22;8;InteractivePathPlanning;6,0;3;0;2238;933;False;True;None;121,0193;1;0;1;1;
RZ22;8;InteractivePathPlanning;6,1;3;0;2238;933;False;True;None;121,0193;1;0;1;1;
RZ22;8;InteractivePathPlanning;6,2;3;0;2238;933;False;True;None;121,0193;1;0;1;1;
RZ22;8;InteractivePathPlanning;6,3;3;0;2238;940;False;True;None;121,2066;1;0;1;1;
RZ22;8;InteractivePathPlanning;6,4;3;0;2235;947;False;True;None;121,4741;1;0;1;1;
RZ22;8;InteractivePathPlanning;6,5;3;0;2235;947;False;True;None;121,4741;2;0;1;1;
RZ22;8;InteractivePathPlanning;6,6;3;0;2235;947;False;True;None;121,4741;2;0;1;1;
RZ22;8;InteractivePathPlanning;6,7;3;0;2232;954;False;True;None;121,5811;2;0;1;1;
RZ22;8;InteractivePathPlanning;6,8;3;0;2232;958;False;True;None;121,8016;2;0;1;1;
RZ22;8;InteractivePathPlanning;6,9;3;0;2232;958;False;True;None;121,8016;2;0;1;1;
RZ22;8;InteractivePathPlanning;7,0;3;0;2232;958;False;True;None;121,8016;2;0;1;1;
RZ22;8;InteractivePathPlanning;7,1;3;0;2232;958;False;True;None;121,8016;2;0;1;1;
RZ22;8;InteractivePathPlanning;7,2;3;0;2232;993;False;True;None;122,7379;2;0;1;1;
RZ22;8;InteractivePathPlanning;7,3;3;0;2242;1091;False;True;None;125,079;2;0;1;1;
RZ22;8;InteractivePathPlanning;7,4;3;0;2239;1081;False;True;SecondaryView;125,8367;2;0;1;1;
RZ22;8;InteractivePathPlanning;7,5;3;0;2225;1028;False;True;SecondaryView;127,3076;3;0;1;1;
RZ22;8;InteractivePathPlanning;7,6;3;0;2231;1066;False;True;None;128,1867;3;0;1;1;
RZ22;8;InteractivePathPlanning;7,7;3;0;2231;1066;False;True;None;128,374;3;0;1;1;
RZ22;8;InteractivePathPlanning;7,8;3;0;2221;955;False;True;None;131,3652;3;0;1;1;
RZ22;8;InteractivePathPlanning;7,9;3;0;2183;682;False;True;None;137,9127;3;0;1;1;
RZ22;8;InteractivePathPlanning;8,0;3;0;2155;622;False;True;None;140,618;3;0;1;1;
RZ22;8;InteractivePathPlanning;8,1;3;0;2182;730;False;True;None;143,716;3;0;1;1;
RZ22;8;InteractivePathPlanning;8,2;3;0;2203;832;False;True;None;145,7708;3;0;1;1;
RZ22;8;InteractivePathPlanning;8,3;3;0;2231;1007;False;True;None;150,8914;3;0;1;1;
RZ22;8;InteractivePathPlanning;8,4;3;0;2235;1028;False;True;None;151,8898;3;0;1;1;
RZ22;8;InteractivePathPlanning;8,5;3;0;2238;983;False;True;None;152,3446;4;0;1;1;
RZ22;8;InteractivePathPlanning;8,6;3;0;2246;535;False;True;None;162,8323;4;0;1;1;
RZ22;8;InteractivePathPlanning;8,7;3;0;2200;272;False;True;None;172,2271;4;0;1;1;
RZ22;8;InteractivePathPlanning;8,8;3;0;2245;653;False;True;None;180,1565;4;0;1;1;
RZ22;8;InteractivePathPlanning;8,9;3;0;2270;968;False;True;None;190,8759;4;0;1;1;
RZ22;8;InteractivePathPlanning;9,0;3;0;2267;892;False;True;None;193,0998;5;0;1;1;
RZ22;8;InteractivePathPlanning;9,1;3;0;2239;643;False;True;None;199,8069;5;0;1;1;
RZ22;8;InteractivePathPlanning;9,2;3;0;2232;664;False;True;None;202,2609;5;0;1;1;
RZ22;8;InteractivePathPlanning;9,3;3;0;2221;748;False;True;None;204,5673;5;0;1;1;
RZ22;8;InteractivePathPlanning;9,4;3;0;2218;783;False;True;None;205,5154;5;0;1;1;
RZ22;8;InteractivePathPlanning;9,5;3;0;2228;804;False;True;None;206,1907;5;0;1;1;
RZ22;8;InteractivePathPlanning;9,6;3;0;2228;804;False;True;None;206,1907;5;0;1;1;
RZ22;8;InteractivePathPlanning;9,7;3;0;2228;804;False;True;None;206,1907;5;1;1;1;
RZ22;8;InteractivePathPlanning;9,8;3;0;2228;804;False;True;None;206,1907;5;1;1;1;
RZ22;8;InteractivePathPlanning;9,9;3;0;2231;818;False;True;None;206,6455;5;1;1;1;
RZ22;8;InteractivePathPlanning;10,0;3;0;2242;944;False;True;None;210,0446;5;1;1;1;
RZ22;8;InteractivePathPlanning;10,1;3;0;2245;1010;False;True;None;211,816;5;1;1;1;
RZ22;8;InteractivePathPlanning;10,2;3;0;2245;1000;False;True;None;212,0835;6;1;1;1;
RZ22;8;InteractivePathPlanning;10,3;3;0;2249;909;False;True;None;213,9562;6;1;1;1;
RZ22;8;InteractivePathPlanning;10,4;3;0;2242;783;False;True;None;217,9172;6;1;1;1;
RZ22;8;InteractivePathPlanning;10,5;3;0;2239;720;False;True;None;219,6144;6;1;1;1;
RZ22;8;InteractivePathPlanning;10,6;3;0;2232;682;False;True;None;220,6681;6;1;1;1;
RZ22;8;InteractivePathPlanning;10,7;3;0;2232;671;False;True;SecondaryView;220,9624;6;1;1;1;
RZ22;8;InteractivePathPlanning;10,8;3;0;2228;661;False;True;MainView;221,2742;6;1;1;1;
RZ22;8;InteractivePathPlanning;10,9;3;0;2228;657;False;True;MainView;221,3812;6;1;1;1;
RZ22;8;InteractivePathPlanning;11,0;3;0;2218;664;False;True;MainView;221,7263;6;1;1;1;
RZ22;8;InteractivePathPlanning;11,1;3;0;2176;713;False;True;MainView;223,459;6;1;1;1;
RZ22;8;InteractivePathPlanning;11,2;3;0;2158;720;False;True;MainView;223,9673;6;1;1;1;
RZ22;8;InteractivePathPlanning;11,3;3;0;2151;723;False;True;MainView;224,2948;6;1;1;1;
RZ22;8;InteractivePathPlanning;11,4;3;0;2123;755;False;True;MainView;225,4778;6;1;1;1;
RZ22;8;InteractivePathPlanning;11,5;3;0;2116;790;False;True;SecondaryView;226,459;6;1;1;1;
RZ22;8;InteractivePathPlanning;11,6;3;0;2116;797;False;True;None;226,6463;6;1;1;1;
RZ22;8;InteractivePathPlanning;11,7;3;0;2116;811;False;True;None;227,0209;6;1;1;1;
RZ22;8;InteractivePathPlanning;11,8;3;0;2116;814;False;True;None;227,1011;6;1;1;1;
RZ22;8;InteractivePathPlanning;11,9;3;0;2116;814;False;True;None;227,1011;6;1;1;1;
RZ22;8;InteractivePathPlanning;12,0;3;0;2123;818;False;True;SecondaryView;227,3954;6;1;1;1;
RZ22;8;InteractivePathPlanning;12,1;3;0;2161;846;False;True;SecondaryView;228,4415;6;1;1;1;
RZ22;8;InteractivePathPlanning;12,2;3;0;2182;881;False;True;SecondaryView;229,7198;6;1;1;1;
RZ22;8;InteractivePathPlanning;12,3;3;0;2189;891;False;True;SecondaryView;230,1746;6;1;1;1;
RZ22;8;InteractivePathPlanning;12,4;3;0;2189;881;False;True;MainView;230,1746;6;1;1;1;
RZ22;8;InteractivePathPlanning;12,5;3;0;2193;804;False;True;MainView;232,2312;6;1;1;1;
RZ22;8;InteractivePathPlanning;12,6;3;0;2176;776;False;True;MainView;233,4428;6;1;1;1;
RZ22;8;InteractivePathPlanning;12,7;3;0;2116;748;False;True;MainView;234,7356;6;1;1;1;
RZ22;8;InteractivePathPlanning;12,8;3;0;2074;727;False;True;MainView;236,5204;6;1;1;1;
RZ22;8;InteractivePathPlanning;12,9;3;0;2074;727;False;True;SecondaryView;236,5204;6;1;1;1;
RZ22;8;InteractivePathPlanning;13,0;3;0;2105;727;False;True;SecondaryView;237,1624;6;1;1;1;
RZ22;8;InteractivePathPlanning;13,1;3;0;2130;741;False;True;SecondaryView;238,072;6;1;1;1;
RZ22;8;InteractivePathPlanning;13,2;3;0;2137;738;False;True;SecondaryView;238,4465;6;1;1;1;
RZ22;8;InteractivePathPlanning;13,3;3;0;2140;713;False;True;SecondaryView;239,1421;6;1;1;1;
RZ22;8;InteractivePathPlanning;13,4;3;0;2140;710;False;True;SecondaryView;239,2224;6;1;1;1;
RZ22;8;InteractivePathPlanning;13,5;3;0;2140;710;False;True;SecondaryView;239,2224;6;1;1;1;
RZ22;8;InteractivePathPlanning;13,6;3;0;2140;710;False;True;None;239,2224;6;1;1;1;
RZ22;8;InteractivePathPlanning;13,7;3;0;2140;710;False;True;None;239,2224;6;1;1;1;
RZ22;8;InteractivePathPlanning;13,8;3;0;2140;710;False;True;MainView;239,2224;6;1;1;1;
RZ22;8;InteractivePathPlanning;13,9;3;0;2140;710;False;True;MainView;239,2224;6;1;1;1;
RZ22;8;InteractivePathPlanning;14,0;3;0;2140;710;False;True;MainView;239,2224;6;1;1;1;
RZ22;8;InteractivePathPlanning;14,1;3;0;2140;710;False;True;MainView;239,2224;6;1;1;1;
RZ22;8;InteractivePathPlanning;14,2;3;0;2140;710;False;True;MainView;239,2224;6;1;1;1;
RZ22;8;InteractivePathPlanning;14,3;3;0;2137;692;False;True;MainView;239,7842;6;1;1;1;
RZ22;8;InteractivePathPlanning;14,4;3;0;2137;706;False;True;MainView;240,1587;6;1;1;1;
RZ22;8;InteractivePathPlanning;14,5;3;0;2137;709;False;True;MainView;240,239;6;1;1;1;
RZ22;8;InteractivePathPlanning;14,6;3;0;1924;661;False;True;MainView;246,171;6;1;1;1;
RZ22;8;InteractivePathPlanning;14,7;3;0;1584;591;False;True;MainView;255,5284;6;1;1;1;
RZ22;8;InteractivePathPlanning;14,8;3;0;1581;580;False;True;MainView;255,8391;6;1;1;1;
RZ22;8;InteractivePathPlanning;14,9;3;0;1577;625;False;True;MainView;257,0965;7;1;1;1;
RZ22;8;InteractivePathPlanning;15,0;3;0;1598;790;False;True;MainView;261,5527;7;1;1;1;
RZ22;8;InteractivePathPlanning;15,1;3;0;1605;811;False;True;MainView;262,2333;7;1;1;1;
RZ22;8;InteractivePathPlanning;15,2;3;0;1598;832;False;True;MainView;262,84;7;1;1;1;
RZ22;8;InteractivePathPlanning;15,3;3;0;1727;986;False;True;SecondaryView;268,2577;7;1;1;1;
RZ22;8;InteractivePathPlanning;15,4;3;0;1836;1087;False;True;None;272,2496;7;1;1;1;
RZ22;8;InteractivePathPlanning;15,5;3;0;1843;1045;False;True;None;274,2127;7;1;1;1;
RZ22;8;InteractivePathPlanning;15,6;3;0;1916;1168;False;True;None;278,1343;7;1;1;1;
RZ22;8;InteractivePathPlanning;15,7;3;0;1920;1175;False;True;None;278,35;7;1;1;1;
RZ22;8;InteractivePathPlanning;15,8;3;0;1920;1175;False;True;None;278,35;8;1;1;1;
RZ22;8;InteractivePathPlanning;15,9;3;0;1920;1175;False;True;None;278,35;8;1;1;1;
RZ22;8;InteractivePathPlanning;16,0;3;0;1920;1175;False;True;MainView;278,35;8;1;1;1;
RZ22;8;InteractivePathPlanning;16,1;3;0;1930;1178;False;True;MainView;278,5372;8;1;1;1;
RZ22;8;InteractivePathPlanning;16,2;3;0;1972;1192;False;True;MainView;279,8641;8;1;1;1;
RZ22;8;InteractivePathPlanning;16,3;3;0;2011;1196;False;True;SecondaryView;280,8448;8;1;1;1;
RZ22;8;InteractivePathPlanning;16,4;3;0;2053;1196;False;True;None;282,0013;8;1;1;1;
RZ22;8;InteractivePathPlanning;16,5;3;0;2053;1196;False;True;None;282,1082;9;1;1;1;
RZ22;8;InteractivePathPlanning;16,6;3;0;2011;1175;False;True;None;283,1273;9;1;1;1;
RZ22;8;InteractivePathPlanning;16,7;3;0;1962;1158;False;True;None;284,6752;9;1;1;1;
RZ22;8;InteractivePathPlanning;16,8;3;0;1962;1158;False;True;None;284,8625;10;1;1;1;
RZ22;8;InteractivePathPlanning;16,9;3;0;1962;1158;False;True;None;284,8625;10;1;1;1;
RZ22;8;InteractivePathPlanning;17,0;3;0;1962;1158;False;True;None;284,8625;10;1;1;1;
RZ22;8;InteractivePathPlanning;17,1;3;0;1990;1158;False;True;None;285,6115;10;1;1;1;
RZ22;8;InteractivePathPlanning;17,2;3;0;2081;1056;False;True;None;288,5648;10;1;1;1;
RZ22;8;InteractivePathPlanning;17,3;3;0;2092;1004;False;True;None;290,7664;10;1;1;1;
RZ22;8;InteractivePathPlanning;17,4;3;0;2057;1000;False;True;None;291,8365;10;1;1;1;
RZ22;8;InteractivePathPlanning;17,5;3;0;1994;1063;False;True;None;293,849;10;1;1;1;
RZ22;8;InteractivePathPlanning;17,6;3;0;1976;1108;False;True;None;295,4037;10;1;1;1;
RZ22;8;InteractivePathPlanning;17,7;3;0;1976;1136;False;True;None;296,3897;10;1;1;1;
RZ22;8;InteractivePathPlanning;17,8;3;0;1986;1178;False;True;None;297,5642;10;1;1;1;
RZ22;8;InteractivePathPlanning;17,9;3;0;1980;1178;False;True;None;297,6445;10;1;1;1;
RZ22;8;InteractivePathPlanning;18,0;3;0;1910;1196;False;True;None;299,7022;10;1;1;1;
RZ22;8;InteractivePathPlanning;18,1;3;0;1882;1186;False;True;None;300,4594;10;1;1;1;
RZ22;8;InteractivePathPlanning;18,2;3;0;1882;1186;False;True;None;300,5397;11;1;1;1;
RZ22;8;InteractivePathPlanning;18,3;3;0;1923;1137;False;True;None;302,273;11;1;1;1;
RZ22;8;InteractivePathPlanning;18,4;3;0;2039;951;False;True;None;308,1534;11;1;1;1;
RZ22;8;InteractivePathPlanning;18,5;3;0;2144;804;False;True;None;313,023;11;1;1;1;
RZ22;8;InteractivePathPlanning;18,6;3;0;2242;661;False;True;None;317,6772;11;1;1;1;
RZ22;8;InteractivePathPlanning;18,7;3;0;2235;654;False;True;None;318,0517;11;1;1;1;
RZ22;8;InteractivePathPlanning;18,8;3;0;2200;685;False;True;None;319,3766;11;1;1;1;
RZ22;8;InteractivePathPlanning;18,9;3;0;2197;723;False;True;None;320,4264;11;1;1;1;
RZ22;8;InteractivePathPlanning;19,0;3;0;2200;751;False;True;None;321,2086;11;1;1;1;
RZ22;8;InteractivePathPlanning;19,1;3;0;2200;755;False;True;None;321,3156;11;1;1;1;
RZ22;8;InteractivePathPlanning;19,2;3;0;2200;755;False;True;None;321,3156;11;1;1;1;
RZ22;8;InteractivePathPlanning;19,3;3;0;2200;755;False;True;None;321,3156;11;1;1;1;
RZ22;8;InteractivePathPlanning;19,4;3;0;2200;755;False;True;None;321,3156;11;1;1;1;
RZ22;8;InteractivePathPlanning;19,5;3;0;2200;755;False;True;MainView;321,3156;11;1;1;1;
RZ22;8;InteractivePathPlanning;19,6;3;0;2200;755;False;True;MainView;321,3156;11;1;1;1;
RZ22;8;InteractivePathPlanning;19,7;3;0;2200;752;False;True;MainView;321,3959;11;1;1;1;
RZ22;8;InteractivePathPlanning;19,8;3;0;2200;752;False;True;MainView;321,3959;11;1;1;1;
RZ22;8;InteractivePathPlanning;19,9;3;0;2200;752;False;True;MainView;321,3959;11;1;1;1;
RZ22;8;InteractivePathPlanning;20,0;3;0;2200;752;False;True;MainView;321,3959;11;1;1;1;
RZ22;8;InteractivePathPlanning;20,1;3;0;2200;752;False;True;MainView;321,3959;11;1;1;1;
RZ22;8;InteractivePathPlanning;20,2;3;0;2193;752;False;True;MainView;321,4762;11;1;1;1;
RZ22;8;InteractivePathPlanning;20,3;3;0;2176;738;False;True;MainView;322,2252;11;1;1;1;
RZ22;8;InteractivePathPlanning;20,4;3;0;2165;699;False;True;MainView;323,438;11;1;1;1;
RZ22;8;InteractivePathPlanning;20,5;3;0;2182;706;False;True;SecondaryView;323,9195;11;1;1;1;
RZ22;8;InteractivePathPlanning;20,6;3;0;2203;734;False;True;None;325,1361;11;1;1;1;
RZ22;8;InteractivePathPlanning;20,7;3;0;2203;727;False;True;None;325,1361;11;1;1;1;
RZ22;8;InteractivePathPlanning;20,8;3;0;2203;682;False;True;None;326,5272;11;1;1;1;
RZ22;8;InteractivePathPlanning;20,9;3;0;2203;661;False;True;None;327,089;11;1;1;1;
RZ22;8;InteractivePathPlanning;21,0;3;0;2203;661;False;True;None;327,089;11;1;1;1;
RZ22;8;InteractivePathPlanning;21,1;3;0;2102;619;False;True;SecondaryView;330,0724;11;1;1;1;
RZ22;8;InteractivePathPlanning;21,2;3;0;1801;559;False;True;MainView;338,3868;11;1;1;1;
RZ22;8;InteractivePathPlanning;21,3;3;0;1570;639;False;True;MainView;344,9495;11;1;1;1;
RZ22;8;InteractivePathPlanning;21,4;3;0;1563;639;False;True;MainView;345,1367;11;1;1;1;
RZ22;8;InteractivePathPlanning;21,5;3;0;1563;639;False;True;MainView;345,1367;11;1;1;1;
RZ22;8;InteractivePathPlanning;21,6;3;0;1563;639;False;True;MainView;345,1367;11;1;1;1;
RZ22;8;InteractivePathPlanning;21,7;3;0;1563;639;False;True;MainView;345,1367;11;1;1;1;
RZ22;8;InteractivePathPlanning;21,8;3;0;1563;639;False;True;MainView;345,1367;11;1;1;1;
RZ22;8;InteractivePathPlanning;21,9;3;0;1563;643;False;True;MainView;345,2437;11;1;1;1;
RZ22;8;InteractivePathPlanning;22,0;3;0;1563;643;False;True;MainView;345,2437;11;1;1;1;
RZ22;8;InteractivePathPlanning;22,1;3;0;1566;643;False;True;SecondaryView;345,324;11;1;1;1;
RZ22;8;InteractivePathPlanning;22,2;3;0;1573;646;False;True;SecondaryView;345,5915;11;1;1;1;
RZ22;8;InteractivePathPlanning;22,3;3;0;1584;646;False;True;SecondaryView;345,8857;11;1;1;1;
RZ22;8;InteractivePathPlanning;22,4;3;0;1584;646;False;True;MainView;345,8857;11;1;1;2;
RZ22;8;InteractivePathPlanning;22,5;3;0;1584;646;False;True;MainView;345,8857;11;1;1;2;
RZ22;8;InteractivePathPlanning;22,6;3;0;1584;646;False;True;MainView;345,8857;11;1;1;2;
RZ22;8;InteractivePathPlanning;22,7;3;0;1584;646;False;True;MainView;345,8857;11;1;1;2;
RZ22;8;InteractivePathPlanning;22,8;3;0;1587;646;False;True;SecondaryView;345,966;11;1;1;2;
RZ22;8;InteractivePathPlanning;22,9;3;0;1668;633;False;True;SecondaryView;347,4996;11;1;1;2;
RZ22;8;InteractivePathPlanning;23,0;3;0;1787;629;False;True;SecondaryView;351,0726;11;1;1;2;
RZ22;8;InteractivePathPlanning;23,1;3;0;1797;632;False;True;None;351,6509;11;1;1;2;
RZ22;8;InteractivePathPlanning;23,2;3;0;1920;535;False;True;SecondaryView;354,1933;11;1;1;2;
RZ22;8;InteractivePathPlanning;23,3;3;0;2151;468;False;True;None;361,8431;11;1;1;2;
RZ22;8;InteractivePathPlanning;23,4;3;0;2127;475;False;True;None;363,4585;11;1;1;2;
RZ22;8;InteractivePathPlanning;23,5;3;0;2127;475;False;True;None;363,4585;11;1;1;2;
RZ22;8;InteractivePathPlanning;23,6;3;0;2144;499;False;True;None;364,2573;11;1;1;2;
RZ22;8;InteractivePathPlanning;23,7;3;0;2224;559;False;True;None;367,1062;11;1;1;2;
RZ22;8;InteractivePathPlanning;23,8;3;0;2266;646;False;True;None;369,622;11;1;1;2;
RZ22;8;InteractivePathPlanning;23,9;3;0;2270;650;False;True;None;369,8536;11;1;1;2;
RZ22;8;InteractivePathPlanning;24,0;3;0;2267;664;False;True;None;370,2614;11;1;2;2;
RZ22;8;InteractivePathPlanning;24,1;3;0;2249;692;False;True;None;371,1772;11;1;2;2;
RZ22;8;InteractivePathPlanning;24,2;3;0;2239;741;False;True;None;372,5636;11;1;2;2;
RZ22;8;InteractivePathPlanning;24,3;3;0;2221;783;False;True;None;373,8126;11;1;2;2;
RZ22;8;InteractivePathPlanning;24,4;3;0;2200;797;False;True;None;374,5698;11;1;2;2;
RZ22;8;InteractivePathPlanning;24,5;3;0;2190;807;False;True;None;375,0043;11;1;2;2;
RZ22;8;InteractivePathPlanning;24,6;3;0;2183;835;False;True;None;375,8336;11;1;2;2;
RZ22;8;InteractivePathPlanning;24,7;3;0;2179;856;False;True;None;376,4489;11;1;2;2;
RZ22;8;InteractivePathPlanning;24,8;3;0;2179;863;False;True;None;376,6361;11;1;2;2;
RZ22;8;InteractivePathPlanning;24,9;3;0;2179;870;False;True;None;376,8234;11;1;2;2;
RZ22;8;InteractivePathPlanning;25,0;3;0;2179;870;False;True;None;376,8234;11;2;2;2;
RZ22;8;InteractivePathPlanning;25,1;3;0;2179;870;False;True;None;376,8234;11;2;2;2;
RZ22;8;InteractivePathPlanning;25,2;3;0;2179;870;False;True;None;376,8234;11;2;2;2;
RZ22;8;InteractivePathPlanning;25,3;3;0;2179;870;False;True;None;376,8234;11;2;2;2;
RZ22;8;InteractivePathPlanning;25,4;3;0;2186;860;False;True;None;377,2781;11;2;2;2;
RZ22;8;InteractivePathPlanning;25,5;3;0;2189;860;False;True;None;377,3584;11;2;2;2;
RZ22;8;InteractivePathPlanning;25,6;3;0;2189;860;False;True;None;377,3584;11;2;2;2;
RZ22;8;InteractivePathPlanning;25,7;3;0;2189;860;False;True;None;377,3584;11;2;2;2;
RZ22;8;InteractivePathPlanning;25,8;3;0;2193;860;False;True;None;377,4654;11;2;2;2;
RZ22;8;InteractivePathPlanning;25,9;3;0;2196;853;False;True;None;377,6259;11;2;2;2;
RZ22;8;InteractivePathPlanning;26,0;3;0;2196;853;False;True;None;377,7329;11;2;2;2;
RZ22;8;InteractivePathPlanning;26,1;3;0;2196;850;False;True;None;377,8132;11;2;2;2;
RZ22;8;InteractivePathPlanning;26,2;3;0;2196;850;False;True;None;377,8132;11;2;2;2;
RZ22;8;InteractivePathPlanning;26,3;3;0;2196;846;False;True;None;377,9202;11;2;2;2;
RZ22;8;InteractivePathPlanning;26,4;3;0;2196;843;False;True;None;378,0004;11;2;2;2;
RZ22;8;InteractivePathPlanning;26,5;3;0;2196;839;False;True;None;378,1074;11;2;2;2;
RZ22;8;InteractivePathPlanning;26,6;3;0;2196;839;False;True;None;378,1074;11;2;2;2;
RZ22;8;InteractivePathPlanning;26,7;3;0;2196;839;False;True;None;378,1074;11;2;2;2;
RZ22;8;InteractivePathPlanning;26,8;3;0;2193;839;False;True;None;378,1877;11;2;2;2;
RZ22;8;InteractivePathPlanning;26,9;3;0;2193;836;False;True;None;378,2679;11;2;2;2;
RZ22;8;InteractivePathPlanning;27,0;3;0;2190;832;False;True;None;378,4552;11;2;2;2;
RZ22;8;InteractivePathPlanning;27,1;3;0;2190;832;False;True;None;378,4552;11;2;2;2;
RZ22;8;InteractivePathPlanning;27,2;3;0;2190;832;False;True;None;378,4552;11;2;2;2;
RZ22;8;InteractivePathPlanning;27,3;3;0;2196;832;False;True;None;378,6157;11;2;2;2;
RZ22;8;InteractivePathPlanning;27,4;3;0;2221;825;False;True;None;379,1748;11;2;2;2;
RZ22;8;InteractivePathPlanning;27,5;3;0;2224;839;False;True;None;379,5226;11;2;2;2;
RZ22;8;InteractivePathPlanning;27,6;3;0;2218;867;False;True;None;380,6259;11;2;2;2;
RZ22;8;InteractivePathPlanning;27,7;3;0;2207;881;False;True;None;381,0807;11;2;2;2;
RZ22;8;InteractivePathPlanning;27,8;3;0;2193;895;False;True;None;381,7173;11;2;2;2;
RZ22;8;InteractivePathPlanning;27,9;3;0;2193;905;False;True;None;381,9046;11;2;2;2;
RZ22;8;InteractivePathPlanning;28,0;3;0;2193;905;False;True;None;381,9848;11;2;2;2;
RZ22;8;InteractivePathPlanning;28,1;3;0;2193;905;False;True;None;381,9848;11;2;2;2;
RZ22;8;InteractivePathPlanning;28,2;3;0;2193;905;False;True;None;381,9848;11;2;2;2;
RZ22;8;InteractivePathPlanning;28,3;3;0;2193;905;False;True;None;381,9848;11;2;2;2;
RZ22;8;InteractivePathPlanning;28,4;3;0;2210;909;False;True;None;382,4931;11;2;2;2;
RZ22;8;InteractivePathPlanning;28,5;3;0;2221;909;False;True;None;382,7874;11;2;2;2;
RZ22;8;InteractivePathPlanning;28,6;3;0;2221;909;False;True;None;382,7874;11;2;2;2;
RZ22;8;InteractivePathPlanning;28,7;3;0;2221;912;False;True;None;382,8676;11;2;2;2;
RZ22;8;InteractivePathPlanning;28,8;3;0;2211;916;False;True;None;383,2421;11;2;2;2;
RZ22;8;InteractivePathPlanning;28,9;3;0;2204;919;False;True;None;383,4561;11;2;2;2;
RZ22;8;InteractivePathPlanning;29,0;3;0;2204;919;False;True;None;383,4561;11;3;2;2;
RZ22;8;InteractivePathPlanning;29,1;3;0;2207;919;False;True;None;383,5364;11;3;2;2;
RZ22;8;InteractivePathPlanning;29,2;3;0;2207;923;False;True;None;383,6434;11;3;2;2;
RZ22;8;InteractivePathPlanning;29,3;3;0;2210;923;False;True;None;383,7237;11;3;2;2;
RZ22;8;InteractivePathPlanning;29,4;3;0;2210;923;False;True;None;383,7237;11;3;2;2;
RZ22;8;InteractivePathPlanning;29,5;3;0;2210;923;False;True;None;383,7237;11;3;2;2;
RZ22;8;InteractivePathPlanning;29,6;3;0;2210;923;False;True;None;383,7237;11;3;2;2;
RZ22;8;InteractivePathPlanning;29,7;3;0;2214;926;False;True;None;383,8574;11;3;2;2;
RZ22;8;InteractivePathPlanning;29,8;3;0;2217;930;False;True;None;384,0447;11;3;2;2;
RZ22;8;InteractivePathPlanning;29,9;3;0;2217;930;False;True;None;384,0447;11;3;2;2;
RZ22;8;InteractivePathPlanning;30,0;3;0;2217;930;False;True;None;384,0447;11;3;2;2;
RZ22;8;InteractivePathPlanning;30,1;3;0;2218;951;False;True;None;384,6681;11;3;2;2;
RZ22;8;InteractivePathPlanning;30,2;3;0;2218;965;False;True;None;384,9356;11;3;2;2;
RZ22;8;InteractivePathPlanning;30,3;3;0;2218;979;False;True;None;385,4171;11;3;2;2;
RZ22;8;InteractivePathPlanning;30,4;3;0;2218;989;False;True;None;385,6044;11;3;2;2;
RZ22;8;InteractivePathPlanning;30,5;3;0;2214;1000;False;True;None;386,0859;11;3;2;2;
RZ22;8;InteractivePathPlanning;30,6;3;0;2214;1003;False;True;None;386,1662;11;3;2;2;
RZ22;8;InteractivePathPlanning;30,7;3;0;2214;1003;False;True;None;386,1662;11;3;2;2;
RZ22;8;InteractivePathPlanning;30,8;3;0;2214;1003;False;True;None;386,1662;11;3;2;2;
RZ22;8;InteractivePathPlanning;30,9;3;0;2214;1003;False;True;None;386,1662;11;3;2;2;
RZ22;8;InteractivePathPlanning;31,0;3;0;2214;1003;False;True;None;386,1662;11;3;2;2;
RZ22;8;InteractivePathPlanning;31,1;3;0;2214;1003;False;True;None;386,1662;12;3;2;2;
RZ22;8;InteractivePathPlanning;31,2;3;0;2214;1003;False;True;None;386,1662;12;3;2;2;
RZ22;8;InteractivePathPlanning;31,3;3;0;2214;1003;False;True;None;386,1662;12;3;2;2;
RZ22;8;InteractivePathPlanning;31,4;3;0;2214;1003;False;True;None;386,1662;12;3;2;2;
RZ22;8;InteractivePathPlanning;31,5;3;0;2211;1010;False;True;None;386,3534;12;3;2;2;
RZ22;8;InteractivePathPlanning;31,6;3;0;2207;1024;False;True;None;386,7814;12;3;2;2;
RZ22;8;InteractivePathPlanning;31,7;3;0;2200;1045;False;True;None;387,37;12;3;2;2;
RZ22;8;InteractivePathPlanning;31,8;3;0;2200;1059;False;True;None;387,798;12;3;2;2;
RZ22;8;InteractivePathPlanning;31,9;3;0;2200;1063;False;True;None;387,9852;12;3;2;2;
RZ22;8;InteractivePathPlanning;32,0;3;0;2200;1063;False;True;None;387,9852;12;3;2;2;
RZ22;8;InteractivePathPlanning;32,1;3;0;2207;1063;False;True;None;388,1725;12;3;2;2;
RZ22;8;InteractivePathPlanning;32,2;3;0;2217;1046;False;True;None;388,6605;12;3;2;2;
RZ22;8;InteractivePathPlanning;32,3;3;0;2231;1039;False;True;None;389,2839;12;3;2;2;
RZ22;8;InteractivePathPlanning;32,4;3;0;2235;1039;False;True;None;389,3909;12;3;2;2;
RZ22;8;InteractivePathPlanning;32,5;3;0;2245;955;False;True;None;391,0169;13;3;2;2;
RZ22;8;InteractivePathPlanning;32,6;3;0;2252;703;False;True;None;398,4151;13;3;2;2;
RZ22;8;InteractivePathPlanning;32,7;3;0;2246;514;False;True;None;403,4781;13;3;2;2;
RZ22;8;InteractivePathPlanning;32,8;3;0;2246;559;False;True;None;404,9495;13;3;2;2;
RZ22;8;InteractivePathPlanning;32,9;3;0;2232;706;False;True;None;409,7676;13;3;2;2;
RZ22;8;InteractivePathPlanning;33,0;3;0;2218;797;False;True;None;412,2476;13;3;2;2;
RZ22;8;InteractivePathPlanning;33,1;3;0;2211;863;False;True;None;413,8466;13;3;2;2;
RZ22;8;InteractivePathPlanning;33,2;3;0;2211;843;False;True;None;414,7994;14;3;2;2;
RZ22;8;InteractivePathPlanning;33,3;3;0;2217;717;False;True;None;418,1816;14;3;2;2;
RZ22;8;InteractivePathPlanning;33,4;3;0;2221;622;False;True;None;420,5459;14;3;2;2;
RZ22;8;InteractivePathPlanning;33,5;3;0;2224;625;False;True;None;420,8467;14;3;2;2;
RZ22;8;InteractivePathPlanning;33,6;3;0;2242;702;False;True;None;422,9742;14;3;2;2;
RZ22;8;InteractivePathPlanning;33,7;3;0;2245;765;False;True;None;424,4808;14;3;2;2;
RZ22;8;InteractivePathPlanning;33,8;3;0;2249;797;False;True;None;425,5525;14;3;2;2;
RZ22;8;InteractivePathPlanning;33,9;3;0;2249;800;False;True;None;425,6328;14;3;2;2;
RZ22;8;InteractivePathPlanning;34,0;3;0;2249;800;False;True;None;425,6328;14;3;2;2;
RZ22;8;InteractivePathPlanning;34,1;3;0;2249;800;False;True;None;425,6328;14;3;2;2;
RZ22;8;InteractivePathPlanning;34,2;3;0;2249;800;False;True;None;425,6328;14;3;2;2;
RZ22;8;InteractivePathPlanning;34,3;3;0;2249;800;False;True;None;425,6328;14;3;2;2;
RZ22;8;InteractivePathPlanning;34,4;3;0;2249;800;False;True;None;425,6328;14;3;2;2;
RZ22;8;InteractivePathPlanning;34,5;3;0;2249;800;False;True;None;425,6328;14;3;2;2;
RZ22;8;InteractivePathPlanning;34,6;3;0;2232;807;False;True;None;425,9538;14;3;2;2;
RZ22;8;InteractivePathPlanning;34,7;3;0;2197;832;False;True;None;427,2652;14;3;2;2;
RZ22;8;InteractivePathPlanning;34,8;3;0;2190;856;False;True;None;428,0586;14;3;2;2;
RZ22;8;InteractivePathPlanning;34,9;3;0;2190;867;False;True;None;428,3528;14;3;2;2;
RZ22;8;InteractivePathPlanning;35,0;3;0;2190;857;False;True;None;428,4331;14;4;2;2;
RZ22;8;InteractivePathPlanning;35,1;3;0;2176;713;False;True;None;432,5046;14;4;2;2;
RZ22;8;InteractivePathPlanning;35,2;3;0;2172;612;False;True;None;435,0294;14;4;2;2;
RZ22;8;InteractivePathPlanning;35,3;3;0;2193;646;False;True;None;435,8957;14;4;2;2;
RZ22;8;InteractivePathPlanning;35,4;3;0;2204;748;False;True;None;439,3705;14;4;2;2;
RZ22;8;InteractivePathPlanning;35,5;3;0;2197;811;False;True;None;440,901;14;4;2;2;
RZ22;8;InteractivePathPlanning;35,6;3;0;2200;787;False;True;None;441,5966;15;4;2;2;
RZ22;8;InteractivePathPlanning;35,7;3;0;2214;584;False;True;None;447,7184;15;4;2;2;
RZ22;8;InteractivePathPlanning;35,8;3;0;2211;496;False;True;None;450,1566;15;4;2;2;
RZ22;8;InteractivePathPlanning;35,9;3;0;2200;629;False;True;None;453,1732;15;4;2;2;
RZ22;8;InteractivePathPlanning;36,0;3;0;2189;776;False;True;None;457,4376;15;4;2;2;
RZ22;8;InteractivePathPlanning;36,1;3;0;2193;835;False;True;None;459,3376;15;4;2;2;
RZ22;8;InteractivePathPlanning;36,2;3;0;2196;842;False;True;SecondaryView;459,6319;15;4;2;2;
RZ22;8;InteractivePathPlanning;36,3;3;0;2196;842;False;True;SecondaryView;459,6319;15;4;2;2;
RZ22;8;InteractivePathPlanning;36,4;3;0;2196;846;False;True;SecondaryView;459,7389;15;4;2;2;
RZ22;8;InteractivePathPlanning;36,5;3;0;2196;867;False;True;SecondaryView;460,3007;15;4;2;2;
RZ22;8;InteractivePathPlanning;36,6;3;0;2196;857;False;True;SecondaryView;460,5682;16;4;2;2;
RZ22;8;InteractivePathPlanning;36,7;3;0;2196;748;False;True;SecondaryView;463,4842;16;4;2;2;
RZ22;8;InteractivePathPlanning;36,8;3;0;2193;657;False;True;SecondaryView;465,9234;16;4;2;2;
RZ22;8;InteractivePathPlanning;36,9;3;0;2193;699;False;True;SecondaryView;467,047;16;4;2;2;
RZ22;8;InteractivePathPlanning;37,0;3;0;2186;769;False;True;None;468,9548;16;4;2;2;
RZ22;8;InteractivePathPlanning;37,1;3;0;2183;804;False;True;None;469,9076;16;4;2;2;
RZ22;8;InteractivePathPlanning;37,2;3;0;2183;814;False;True;None;470,1751;16;4;2;2;
RZ22;8;InteractivePathPlanning;37,3;3;0;2186;821;False;True;None;470,4426;16;4;2;2;
RZ22;8;InteractivePathPlanning;37,4;3;0;2196;835;False;True;None;470,9685;16;4;2;2;
RZ22;8;InteractivePathPlanning;37,5;3;0;2196;839;False;True;None;471,0755;16;4;2;2;
RZ22;8;InteractivePathPlanning;37,6;3;0;2196;839;False;True;None;471,0755;16;4;2;2;
RZ22;8;InteractivePathPlanning;37,7;3;0;2196;839;False;True;None;471,0755;16;4;2;2;
RZ22;8;InteractivePathPlanning;37,8;3;0;2196;839;False;True;None;471,0755;16;4;2;2;
RZ22;8;InteractivePathPlanning;37,9;3;0;2196;839;False;True;None;471,0755;16;4;2;2;
RZ22;8;InteractivePathPlanning;38,0;3;0;2196;839;False;True;None;471,0755;16;4;2;2;
RZ22;8;InteractivePathPlanning;38,1;3;0;2196;839;False;True;SecondaryView;471,0755;16;4;2;2;
RZ22;8;InteractivePathPlanning;38,2;3;0;2196;839;False;True;MainView;471,0755;16;4;2;2;
RZ22;8;InteractivePathPlanning;38,3;3;0;2196;839;False;True;RequestList;471,0755;16;4;2;2;
RZ22;8;InteractivePathPlanning;38,4;3;0;2196;839;False;True;RequestList;471,0755;16;4;2;2;
RZ22;8;InteractivePathPlanning;38,5;3;0;2196;839;False;True;RequestList;471,0755;16;4;2;2;
RZ22;8;InteractivePathPlanning;38,6;3;0;2196;839;False;True;RequestList;471,0755;16;4;2;2;
RZ22;8;InteractivePathPlanning;38,7;3;0;2196;839;False;True;RequestList;471,0755;16;4;2;2;
RZ22;8;InteractivePathPlanning;38,8;3;0;2196;839;False;True;MainView;471,0755;16;4;2;2;
RZ22;8;InteractivePathPlanning;38,9;3;0;2196;839;False;True;MainView;471,0755;16;4;2;2;
RZ22;8;InteractivePathPlanning;39,0;3;0;2196;839;False;True;MainView;471,0755;16;4;2;2;
RZ22;8;InteractivePathPlanning;39,1;3;0;2196;839;False;True;SecondaryView;471,0755;16;4;2;2;
RZ22;8;InteractivePathPlanning;39,2;3;0;2196;839;False;True;None;471,0755;16;4;2;2;
RZ22;8;InteractivePathPlanning;39,3;3;0;2196;839;False;True;None;471,0755;16;4;2;2;
RZ22;8;InteractivePathPlanning;39,4;3;0;2196;839;False;True;None;471,0755;16;4;2;2;
RZ22;8;InteractivePathPlanning;39,5;3;0;2196;839;False;True;None;471,0755;16;4;2;3;
RZ22;8;InteractivePathPlanning;39,6;3;0;2196;839;False;True;None;471,0755;16;4;2;3;
RZ22;8;InteractivePathPlanning;39,7;3;0;2196;839;False;True;None;471,0755;16;4;2;3;
RZ22;8;InteractivePathPlanning;39,8;3;0;2196;839;False;True;None;471,0755;16;4;2;3;
RZ22;8;InteractivePathPlanning;39,9;3;0;2196;839;False;True;None;471,0755;16;4;2;3;
RZ22;8;InteractivePathPlanning;40,0;3;0;2196;839;False;True;None;471,0755;16;4;2;3;
RZ22;8;InteractivePathPlanning;40,1;3;0;2196;839;False;True;None;471,0755;16;4;2;3;
RZ22;8;InteractivePathPlanning;40,2;3;0;2196;839;False;True;None;471,0755;16;4;2;3;
RZ22;8;InteractivePathPlanning;40,3;3;0;2196;839;False;True;None;471,0755;16;4;2;3;
RZ22;8;InteractivePathPlanning;40,4;3;0;2196;839;False;True;None;471,0755;16;4;2;3;
RZ22;8;InteractivePathPlanning;40,5;3;0;2196;839;False;True;None;471,0755;16;4;2;3;
RZ22;8;InteractivePathPlanning;40,6;3;0;2207;856;False;True;None;471,2912;16;4;2;3;
RZ22;8;InteractivePathPlanning;40,7;3;0;2238;905;False;True;None;473,0525;16;4;2;3;
RZ22;8;InteractivePathPlanning;40,8;3;0;2256;951;False;True;None;474,4244;16;4;2;3;
RZ22;8;InteractivePathPlanning;40,9;3;0;2246;993;False;True;None;475,4527;16;4;2;3;
RZ22;8;InteractivePathPlanning;41,0;3;0;2207;1010;False;True;None;476,8777;16;4;2;3;
RZ22;8;InteractivePathPlanning;41,1;3;0;2179;1010;False;True;None;477,7338;16;4;2;3;
RZ22;8;InteractivePathPlanning;41,2;3;0;2176;1042;False;True;None;478,623;16;4;2;3;
RZ22;8;InteractivePathPlanning;41,3;3;0;2176;1066;False;True;None;479,2651;16;4;2;3;
RZ22;8;InteractivePathPlanning;41,4;3;0;2186;1077;False;True;None;479,7263;16;4;2;3;
RZ22;8;InteractivePathPlanning;41,5;3;0;2203;1091;False;True;None;480,4551;16;4;2;3;
RZ22;8;InteractivePathPlanning;41,6;3;0;2221;1105;False;True;None;481,1506;16;4;2;3;
RZ22;8;InteractivePathPlanning;41,7;3;0;2224;1105;False;True;None;481,2309;16;4;2;3;
RZ22;8;InteractivePathPlanning;41,8;3;0;2235;1046;False;True;None;482,8586;17;4;2;3;
RZ22;8;InteractivePathPlanning;41,9;3;0;2249;881;False;True;None;487,2989;17;4;2;3;
RZ22;8;InteractivePathPlanning;42,0;3;0;2246;689;False;True;None;492,4424;17;4;2;3;
RZ22;8;InteractivePathPlanning;42,1;3;0;2256;713;False;True;None;493,5273;17;4;2;3;
RZ22;8;InteractivePathPlanning;42,2;3;0;2246;790;False;True;MainView;495,6429;17;4;2;3;
RZ22;8;InteractivePathPlanning;42,3;3;0;2225;842;False;True;MainView;497,1633;17;4;2;3;
RZ22;8;InteractivePathPlanning;42,4;3;0;2214;923;False;True;MainView;499,3605;17;4;2;3;
RZ22;8;InteractivePathPlanning;42,5;3;0;2214;940;False;True;MainView;499,8153;17;4;2;3;
RZ22;8;InteractivePathPlanning;42,6;3;0;2214;934;False;True;MainView;499,9758;18;4;2;3;
RZ22;8;InteractivePathPlanning;42,7;3;0;2217;832;False;True;MainView;502,7131;18;4;2;3;
RZ22;8;InteractivePathPlanning;42,8;3;0;2221;766;False;True;MainView;504,4911;18;4;2;3;
RZ22;8;InteractivePathPlanning;42,9;3;0;2221;724;False;True;MainView;505,6147;18;4;2;3;
RZ22;8;InteractivePathPlanning;43,0;3;0;2218;685;False;True;MainView;506,6744;18;4;2;3;
RZ22;8;InteractivePathPlanning;43,1;3;0;2218;706;False;True;MainView;507,2362;18;4;2;3;
RZ22;8;InteractivePathPlanning;43,2;3;0;2200;797;False;True;MainView;509,7515;18;4;2;3;
RZ22;8;InteractivePathPlanning;43,3;3;0;2186;881;False;True;MainView;512,0593;18;4;2;3;
RZ22;8;InteractivePathPlanning;43,4;3;0;2183;888;False;True;MainView;512,3268;18;4;2;3;
RZ22;8;InteractivePathPlanning;43,5;3;0;2183;888;False;True;MainView;512,3268;18;4;2;3;
RZ22;8;InteractivePathPlanning;43,6;3;0;2186;874;False;True;SecondaryView;512,7816;18;4;2;3;
RZ22;8;InteractivePathPlanning;43,7;3;0;2189;850;False;True;None;513,4568;18;4;2;3;
RZ22;8;InteractivePathPlanning;43,8;3;0;2196;794;False;True;None;514,9817;19;4;2;3;
RZ22;8;InteractivePathPlanning;43,9;3;0;2196;755;False;True;None;516,025;19;4;2;3;
RZ22;8;InteractivePathPlanning;44,0;3;0;2193;769;False;True;None;516,4263;19;4;2;3;
RZ22;8;InteractivePathPlanning;44,1;3;0;2176;766;False;True;None;516,9613;19;4;2;3;
RZ22;8;InteractivePathPlanning;44,2;3;0;2172;759;False;True;None;517,2556;19;4;2;3;
RZ22;8;InteractivePathPlanning;44,3;3;0;2158;748;False;True;None;517,8616;19;4;2;3;
RZ22;8;InteractivePathPlanning;44,4;3;0;2155;748;False;True;None;517,9419;19;5;2;3;
RZ22;8;InteractivePathPlanning;44,5;3;0;2158;748;False;True;None;518,0222;19;5;2;3;
RZ22;8;InteractivePathPlanning;44,6;3;0;2158;748;False;True;None;518,0222;19;5;2;3;
RZ22;8;InteractivePathPlanning;44,7;3;0;2158;748;False;True;None;518,0222;19;5;2;3;
RZ22;8;InteractivePathPlanning;44,8;3;0;2158;748;False;True;None;518,0222;20;5;2;3;
RZ22;8;InteractivePathPlanning;44,9;3;0;2158;748;False;True;None;518,0222;20;5;2;3;
RZ22;8;InteractivePathPlanning;45,0;3;0;2161;751;False;True;None;518,1357;20;5;2;3;
RZ22;8;InteractivePathPlanning;45,1;3;0;2161;751;False;True;None;518,1357;20;5;2;3;
RZ22;8;InteractivePathPlanning;45,2;3;0;2161;751;False;True;None;518,1357;20;5;2;3;
RZ22;8;InteractivePathPlanning;45,3;3;0;2161;751;False;True;None;518,1357;20;6;2;3;
RZ22;8;InteractivePathPlanning;45,4;3;0;2161;751;False;True;None;518,1357;20;6;2;3;
RZ22;8;InteractivePathPlanning;45,5;3;0;2161;751;False;True;SecondaryView;518,1357;20;6;2;3;
RZ22;8;InteractivePathPlanning;45,6;3;0;2161;751;False;True;SecondaryView;518,1357;20;6;2;3;
RZ22;8;InteractivePathPlanning;45,7;3;0;2165;738;False;True;None;518,5905;20;6;2;3;
RZ22;8;InteractivePathPlanning;45,8;3;0;2165;738;False;True;None;518,5905;20;6;2;3;
RZ22;8;InteractivePathPlanning;45,9;3;0;2165;738;False;True;None;518,5905;20;6;3;3;
RZ22;8;InteractivePathPlanning;46,0;3;0;2165;738;False;True;None;518,5905;20;6;3;3;
RZ22;8;InteractivePathPlanning;46,1;3;0;2165;738;False;True;None;518,5905;20;6;3;3;
RZ22;8;InteractivePathPlanning;46,2;3;0;2165;738;False;True;None;518,5905;20;6;3;3;
RZ22;8;InteractivePathPlanning;46,3;3;0;2165;738;False;True;None;518,5905;20;6;3;3;
RZ22;8;InteractivePathPlanning;46,4;3;0;2165;738;False;True;None;518,5905;20;7;3;3;
RZ22;8;InteractivePathPlanning;46,5;3;0;2165;738;False;True;None;518,5905;20;7;3;3;
RZ22;8;InteractivePathPlanning;46,6;3;0;2165;738;False;True;None;518,5905;20;7;3;3;
RZ22;8;InteractivePathPlanning;46,7;3;0;2165;738;False;True;None;518,5905;20;7;3;3;
RZ22;8;InteractivePathPlanning;46,8;3;0;2165;738;False;True;None;518,5905;20;7;3;3;
RZ22;8;InteractivePathPlanning;46,9;3;0;2165;738;False;True;None;518,5905;20;7;3;3;
RZ22;8;InteractivePathPlanning;47,0;3;0;2168;738;False;True;None;518,6707;20;7;3;3;
RZ22;8;InteractivePathPlanning;47,1;3;0;2168;738;False;True;None;518,6707;20;7;3;3;
RZ22;8;InteractivePathPlanning;47,2;3;0;2168;738;False;True;None;518,6707;20;7;3;3;
RZ22;8;InteractivePathPlanning;47,3;3;0;2168;738;False;True;None;518,6707;20;7;3;3;
RZ22;8;InteractivePathPlanning;47,4;3;0;2168;738;False;True;None;518,6707;20;7;3;3;
RZ22;8;InteractivePathPlanning;47,5;3;0;2168;738;False;True;None;518,6707;20;7;3;3;
RZ22;8;InteractivePathPlanning;47,6;3;0;2168;738;False;True;None;518,6707;20;7;3;3;
RZ22;8;InteractivePathPlanning;47,7;3;0;2168;738;False;True;None;518,6707;20;7;3;3;
RZ22;8;InteractivePathPlanning;47,8;3;0;2168;738;False;True;None;518,6707;20;7;3;3;
RZ22;8;InteractivePathPlanning;47,9;3;0;2168;738;False;True;SecondaryView;518,6707;20;7;3;3;
RZ22;8;InteractivePathPlanning;48,0;3;0;2158;734;False;True;MainView;518,9825;20;7;3;3;
RZ22;8;InteractivePathPlanning;48,1;3;0;2155;727;False;True;MainView;519,0961;20;7;3;3;
RZ22;8;InteractivePathPlanning;48,2;3;0;2151;685;False;True;MainView;520,1929;20;7;3;3;
RZ22;8;InteractivePathPlanning;48,3;3;0;2154;668;False;True;MainView;520,7814;20;7;3;3;
RZ22;8;InteractivePathPlanning;48,4;3;0;2154;668;False;True;MainView;520,8617;20;7;3;3;
RZ22;8;InteractivePathPlanning;48,5;3;0;2154;664;False;True;MainView;520,9687;20;7;3;3;
RZ22;8;InteractivePathPlanning;48,6;3;0;2154;664;False;True;MainView;520,9687;20;7;3;3;
RZ22;8;InteractivePathPlanning;48,7;3;0;2148;661;False;True;MainView;521,2095;20;7;3;3;
RZ22;8;InteractivePathPlanning;48,8;3;0;2120;643;False;True;MainView;522,1797;20;7;3;3;
RZ22;8;InteractivePathPlanning;48,9;3;0;2008;608;False;True;MainView;525,3389;20;7;3;3;
RZ22;8;InteractivePathPlanning;49,0;3;0;1738;601;False;True;MainView;532,5685;20;7;3;3;
RZ22;8;InteractivePathPlanning;49,1;3;0;1630;636;False;True;MainView;535,7261;20;7;3;3;
RZ22;8;InteractivePathPlanning;49,2;3;0;1539;671;False;True;MainView;538,3496;20;7;3;3;
RZ22;8;InteractivePathPlanning;49,3;3;0;1374;727;False;True;MainView;543,0198;20;7;3;3;
RZ22;8;InteractivePathPlanning;49,4;3;0;1073;818;False;True;MainView;551,4669;20;7;3;3;
RZ22;8;InteractivePathPlanning;49,5;3;0;751;1014;False;True;MainView;561,5556;20;7;3;3;
RZ22;8;InteractivePathPlanning;49,6;3;0;625;1136;False;True;MainView;566,2852;20;7;3;3;
RZ22;8;InteractivePathPlanning;49,7;3;0;475;1143;False;True;MainView;570,3052;20;7;3;3;
RZ22;8;InteractivePathPlanning;49,8;3;0;272;1238;False;True;MainView;576,3212;20;7;3;3;
RZ22;8;InteractivePathPlanning;49,9;3;0;121;1255;False;True;MainView;580,4055;20;7;3;3;
RZ22;8;InteractivePathPlanning;50,0;3;0;30;1308;False;True;MainView;583,3586;20;7;3;3;
RZ22;8;InteractivePathPlanning;50,1;3;0;20;1329;False;True;MainView;584,0408;20;7;3;3;
RZ22;8;InteractivePathPlanning;50,2;3;0;51;1319;False;True;MainView;584,6208;20;7;3;3;
RZ22;8;InteractivePathPlanning;50,3;3;0;100;1308;False;True;MainView;586,2808;20;7;3;3;
RZ22;8;InteractivePathPlanning;50,4;3;0;103;1308;False;True;MainView;586,361;20;7;3;3;
RZ22;8;InteractivePathPlanning;50,5;3;0;103;1308;False;True;MainView;586,361;20;7;3;3;
RZ22;8;InteractivePathPlanning;50,6;3;0;103;1308;False;True;MainView;586,361;21;7;3;3;
RZ22;8;InteractivePathPlanning;50,7;3;0;103;1308;False;True;MainView;586,361;21;7;3;3;
RZ22;8;InteractivePathPlanning;50,8;3;0;131;1291;False;True;MainView;587,0594;21;7;3;3;
RZ22;8;InteractivePathPlanning;50,9;3;0;198;1259;False;True;RequestList;588,956;21;7;3;3;
RZ22;8;InteractivePathPlanning;51,0;3;0;250;1235;False;True;RequestList;590,8176;21;7;3;3;
RZ22;8;InteractivePathPlanning;51,1;3;0;310;1203;False;True;RequestList;592,3901;21;7;3;3;
RZ22;8;InteractivePathPlanning;51,2;3;0;362;1172;False;True;MainView;593,7851;21;7;3;3;
RZ22;8;InteractivePathPlanning;51,3;3;0;429;1126;False;True;MainView;596,4984;21;7;3;3;
RZ22;8;InteractivePathPlanning;51,4;3;0;562;1053;False;True;MainView;599,4322;21;7;3;3;
RZ22;8;InteractivePathPlanning;51,5;3;0;779;934;False;True;MainView;606,0127;21;7;3;3;
RZ22;8;InteractivePathPlanning;51,6;3;0;975;839;False;True;MainView;613,0342;21;7;3;3;
RZ22;8;InteractivePathPlanning;51,7;3;0;985;836;False;True;MainView;613,3182;21;7;3;3;
RZ22;8;InteractivePathPlanning;51,8;3;0;1003;846;False;True;MainView;613,7528;21;7;3;3;
RZ22;8;InteractivePathPlanning;51,9;3;0;1003;846;False;True;MainView;613,9041;21;7;3;3;
RZ22;8;InteractivePathPlanning;52,0;3;0;1062;801;False;True;MainView;615,024;21;7;3;3;
RZ22;8;InteractivePathPlanning;52,1;3;0;1017;828;False;True;MainView;617,2841;21;7;3;3;
RZ22;8;InteractivePathPlanning;52,2;3;0;825;912;False;True;MainView;623,8719;21;7;3;3;
RZ22;8;InteractivePathPlanning;52,3;3;0;674;975;False;True;MainView;627,462;21;7;3;3;
RZ22;8;InteractivePathPlanning;52,4;3;0;608;993;False;True;MainView;629,9221;21;7;3;3;
RZ22;8;InteractivePathPlanning;52,5;3;0;639;927;False;True;MainView;632,3691;21;7;3;3;
RZ22;8;InteractivePathPlanning;52,6;3;0;723;871;False;True;MainView;635,1077;21;7;3;3;
RZ22;8;InteractivePathPlanning;52,7;3;0;548;1021;False;True;MainView;639,1429;21;7;3;3;
RZ22;8;InteractivePathPlanning;52,8;3;0;408;1154;False;True;MainView;646,5215;21;7;3;3;
RZ22;8;InteractivePathPlanning;52,9;3;0;237;1252;False;True;RequestList;650,2191;21;7;3;3;
RZ22;8;InteractivePathPlanning;53,0;3;0;125;1301;False;True;RequestList;655,1132;21;7;3;3;
RZ22;8;InteractivePathPlanning;53,1;3;0;128;1287;False;True;RequestList;655,6013;21;7;3;3;
RZ22;8;InteractivePathPlanning;53,2;3;0;166;1263;False;True;None;656,492;21;7;3;3;
RZ22;8;InteractivePathPlanning;53,3;3;0;278;1189;False;True;RequestList;659,7413;22;7;3;3;
RZ22;8;InteractivePathPlanning;53,4;3;0;614;993;False;True;RequestList;668,9012;22;7;3;3;
RZ22;8;InteractivePathPlanning;53,5;2;1;877;850;False;False;RequestList;677,9671;22;7;3;3;
RZ22;8;InteractivePathPlanning;53,6;2;1;968;804;False;False;RequestList;681,5861;22;7;3;3;
RZ22;8;InteractivePathPlanning;53,7;2;1;968;804;False;True;RequestList;681,5861;22;7;3;3;
RZ22;8;InteractivePathPlanning;53,8;2;1;968;804;False;True;RequestList;681,5861;22;7;3;3;
RZ22;8;InteractivePathPlanning;53,9;2;1;968;804;False;True;MainView;681,5861;22;7;3;3;
RZ22;8;InteractivePathPlanning;54,0;2;1;958;804;False;True;MainView;681,8536;22;7;3;3;
RZ22;8;InteractivePathPlanning;54,1;2;1;905;832;False;True;MainView;683,4761;22;7;3;3;
RZ22;8;InteractivePathPlanning;54,2;2;1;650;944;False;True;MainView;690,9341;22;7;3;3;
RZ22;8;InteractivePathPlanning;54,3;2;1;380;1098;False;True;MainView;699,2694;22;7;3;3;
RZ22;8;InteractivePathPlanning;54,4;2;1;363;1119;False;True;MainView;700,0758;22;7;3;3;
RZ22;8;InteractivePathPlanning;54,5;2;1;453;1116;False;True;MainView;702,8281;22;7;3;3;
RZ22;8;InteractivePathPlanning;54,6;2;1;772;941;False;True;MainView;712,5737;22;7;3;3;
RZ22;8;InteractivePathPlanning;54,7;2;1;1083;836;False;True;MainView;721,4913;22;7;3;3;
RZ22;8;InteractivePathPlanning;54,8;2;1;1584;811;False;True;MainView;734,9142;22;7;3;3;
RZ22;8;InteractivePathPlanning;54,9;2;1;1612;783;False;True;SecondaryView;736,154;22;7;4;3;
RZ22;8;InteractivePathPlanning;55,0;2;1;1713;738;False;True;SecondaryView;738,5017;22;7;4;3;
RZ22;8;InteractivePathPlanning;55,1;2;1;1906;835;False;True;SecondaryView;745,2875;22;7;4;3;
RZ22;8;InteractivePathPlanning;55,2;2;1;1955;870;False;True;None;746,9604;22;7;4;3;
RZ22;8;InteractivePathPlanning;55,3;2;1;2112;891;False;True;None;750,7373;22;7;4;3;
RZ22;8;InteractivePathPlanning;55,4;2;1;2144;818;False;True;None;753,4084;23;7;4;3;
RZ22;8;InteractivePathPlanning;55,5;2;1;2235;542;False;True;None;761,2266;23;7;4;3;
RZ22;8;InteractivePathPlanning;55,6;2;1;2242;478;False;True;None;763,4772;23;7;4;3;
RZ22;8;InteractivePathPlanning;55,7;2;1;2259;639;False;True;None;768,2026;23;7;4;3;
RZ22;8;InteractivePathPlanning;55,8;2;1;2270;716;False;True;None;770,2984;23;7;4;3;
RZ22;8;InteractivePathPlanning;55,9;2;1;2270;744;False;True;None;770,9672;23;7;4;4;
RZ22;8;InteractivePathPlanning;56,0;2;1;2253;744;False;True;None;771,5022;23;7;4;4;
RZ22;8;InteractivePathPlanning;56,1;2;1;2228;741;False;True;None;772,2042;23;7;4;4;
RZ22;8;InteractivePathPlanning;56,2;2;1;2228;741;False;True;None;772,2042;23;7;4;4;
RZ22;8;InteractivePathPlanning;56,3;2;1;2228;734;False;True;None;772,3915;23;7;4;4;
RZ22;8;InteractivePathPlanning;56,4;2;1;2207;608;False;True;None;775,909;23;7;4;4;
RZ22;8;InteractivePathPlanning;56,5;2;1;2186;636;False;True;None;776,9582;23;7;4;4;
RZ22;8;InteractivePathPlanning;56,6;2;1;2179;664;False;True;None;778,0764;23;7;4;4;
RZ22;8;InteractivePathPlanning;56,7;2;1;2179;674;False;True;None;778,3439;23;7;4;4;
RZ22;8;InteractivePathPlanning;56,8;2;1;2182;678;False;True;SecondaryView;778,4509;23;7;5;4;
RZ22;8;InteractivePathPlanning;56,9;2;1;2196;699;False;True;SecondaryView;779,1482;23;7;5;4;
RZ22;8;InteractivePathPlanning;57,0;2;1;2200;702;False;True;None;779,4158;23;7;5;4;
RZ22;8;InteractivePathPlanning;57,1;2;1;2200;702;False;True;None;779,4158;23;8;5;4;
RZ22;8;InteractivePathPlanning;57,2;2;1;2210;702;False;True;None;779,6833;23;8;5;4;
RZ22;8;InteractivePathPlanning;57,3;2;1;2214;706;False;True;None;779,8346;23;8;5;4;
RZ22;8;InteractivePathPlanning;57,4;2;1;2224;779;False;True;SecondaryView;781,4336;23;8;5;4;
RZ22;8;InteractivePathPlanning;57,5;2;1;2235;832;False;True;SecondaryView;783,2817;23;8;5;4;
RZ22;8;InteractivePathPlanning;57,6;2;1;2242;773;False;True;SecondaryView;784,4503;24;8;5;4;
RZ22;8;InteractivePathPlanning;57,7;2;1;2228;605;False;True;SecondaryView;788,5829;24;8;5;4;
RZ22;8;InteractivePathPlanning;57,8;2;1;2203;545;False;True;None;791,7692;24;8;5;4;
RZ22;8;InteractivePathPlanning;57,9;2;1;2214;688;False;True;None;795,7186;24;8;5;4;
RZ22;8;InteractivePathPlanning;58,0;2;1;2214;734;False;True;None;797,3093;24;8;5;4;
RZ22;8;InteractivePathPlanning;58,1;2;1;2214;734;False;True;None;797,4163;24;8;5;4;
RZ22;8;InteractivePathPlanning;58,2;2;1;2214;734;False;True;None;797,4163;24;8;5;4;
RZ22;8;InteractivePathPlanning;58,3;2;1;2214;734;False;True;SecondaryView;797,4163;24;8;5;4;
RZ22;8;InteractivePathPlanning;58,4;2;1;2214;734;False;True;SecondaryView;797,4163;24;8;5;4;
RZ22;8;InteractivePathPlanning;58,5;2;1;2214;734;False;True;SecondaryView;797,4163;24;8;5;4;
RZ22;8;InteractivePathPlanning;58,6;2;1;2214;734;False;True;SecondaryView;797,4163;24;8;5;4;
RZ22;8;InteractivePathPlanning;58,7;2;1;2204;706;False;True;SecondaryView;798,2133;24;8;5;4;
RZ22;8;InteractivePathPlanning;58,8;2;1;2200;727;False;True;SecondaryView;798,8821;24;8;5;4;
RZ22;8;InteractivePathPlanning;58,9;2;1;2207;765;False;True;SecondaryView;799,9378;24;8;5;4;
RZ22;8;InteractivePathPlanning;59,0;2;1;2207;755;False;True;SecondaryView;800,2053;24;8;5;4;
RZ22;8;InteractivePathPlanning;59,1;2;1;2207;762;False;True;SecondaryView;800,3926;24;8;5;4;
RZ22;8;InteractivePathPlanning;59,2;2;1;2207;762;False;True;SecondaryView;800,5531;24;8;5;4;
RZ22;8;InteractivePathPlanning;59,3;2;1;2197;738;False;True;SecondaryView;801,306;24;8;5;4;
RZ22;8;InteractivePathPlanning;59,4;2;1;2197;758;False;True;SecondaryView;801,8411;24;8;5;4;
RZ22;8;InteractivePathPlanning;59,5;2;1;2197;762;False;True;SecondaryView;801,9481;24;8;5;4;
RZ22;8;InteractivePathPlanning;59,6;2;1;2197;762;False;True;SecondaryView;801,9481;24;8;5;4;
RZ22;8;InteractivePathPlanning;59,7;2;1;2200;783;False;True;SecondaryView;802,5901;24;8;5;4;
RZ22;8;InteractivePathPlanning;59,8;2;1;2200;776;False;True;SecondaryView;802,7773;24;8;5;4;
RZ22;8;InteractivePathPlanning;59,9;2;1;2200;776;False;True;None;802,7773;24;8;5;4;
RZ22;8;InteractivePathPlanning;60,0;2;1;2200;786;False;True;None;803,0449;24;8;5;4;
RZ22;8;InteractivePathPlanning;60,1;2;1;2197;776;False;True;None;803,1584;24;8;5;4;
RZ22;8;InteractivePathPlanning;60,2;2;1;2197;776;False;True;None;803,3456;24;8;5;4;
RZ22;8;InteractivePathPlanning;60,3;2;1;2197;797;False;True;None;803,9074;24;8;5;4;
RZ22;8;InteractivePathPlanning;60,4;2;1;2190;846;False;True;None;805,1318;24;8;5;4;
RZ22;8;InteractivePathPlanning;60,5;2;1;2190;853;False;True;None;805,4529;24;8;5;4;
RZ22;8;InteractivePathPlanning;60,6;2;1;2193;808;False;True;SecondaryView;806,6637;25;8;5;4;
RZ22;8;InteractivePathPlanning;60,7;2;1;2200;703;False;True;None;809,1118;25;8;5;4;
RZ22;8;InteractivePathPlanning;60,8;2;1;2200;685;False;True;None;809,9678;25;8;5;4;
RZ22;8;InteractivePathPlanning;60,9;2;1;2193;734;False;True;None;811,3228;25;8;5;4;
RZ22;8;InteractivePathPlanning;61,0;2;1;2183;776;False;True;SecondaryView;812,5101;25;8;5;4;
RZ22;8;InteractivePathPlanning;61,1;2;1;2176;790;False;True;None;812,9179;25;8;5;4;
RZ22;8;InteractivePathPlanning;61,2;2;1;2176;790;False;True;None;813,0249;25;8;5;4;
RZ22;8;InteractivePathPlanning;61,3;2;1;2176;790;False;True;None;813,0249;25;8;5;4;
RZ22;8;InteractivePathPlanning;61,4;2;1;2176;790;False;True;None;813,0249;25;8;5;4;
RZ22;8;InteractivePathPlanning;61,5;2;1;2176;790;False;True;None;813,0249;25;9;5;4;
RZ22;8;InteractivePathPlanning;61,6;2;1;2182;797;False;True;None;813,3257;25;9;5;4;
RZ22;8;InteractivePathPlanning;61,7;2;1;2196;818;False;True;SecondaryView;813,8783;25;9;5;4;
RZ22;8;InteractivePathPlanning;61,8;2;1;2217;874;False;True;None;815,7062;25;9;5;4;
RZ22;8;InteractivePathPlanning;61,9;2;1;2221;884;False;True;SecondaryView;816,0022;25;9;5;4;
RZ22;8;InteractivePathPlanning;62,0;2;1;2221;884;False;True;MainView;816,0022;26;9;5;4;
RZ22;8;InteractivePathPlanning;62,1;2;1;2224;836;False;True;MainView;817,3195;26;9;5;4;
RZ22;8;InteractivePathPlanning;62,2;2;1;2228;773;False;True;MainView;818,7562;26;9;5;4;
RZ22;8;InteractivePathPlanning;62,3;2;1;2231;727;False;True;MainView;820,0834;26;9;5;4;
RZ22;8;InteractivePathPlanning;62,4;2;1;2231;724;False;True;MainView;820,351;26;9;5;4;
RZ22;8;InteractivePathPlanning;62,5;2;1;2231;772;False;True;MainView;821,4478;26;9;5;4;
RZ22;8;InteractivePathPlanning;62,6;2;1;2231;835;False;True;MainView;822,9458;26;9;5;4;
RZ22;8;InteractivePathPlanning;62,7;2;1;2231;846;False;True;None;823,6146;26;9;5;4;
RZ22;8;InteractivePathPlanning;62,8;2;1;2231;846;False;True;None;823,6146;26;9;5;4;
RZ22;8;InteractivePathPlanning;62,9;2;1;2231;818;False;True;None;823,9891;27;9;5;4;
RZ22;8;InteractivePathPlanning;63,0;2;1;2235;741;False;True;None;826,0677;27;9;5;4;
RZ22;8;InteractivePathPlanning;63,1;2;1;2235;696;False;True;None;827,4588;27;9;5;4;
RZ22;8;InteractivePathPlanning;63,2;2;1;2225;654;False;True;None;828,7343;27;9;5;4;
RZ22;8;InteractivePathPlanning;63,3;2;1;2218;619;False;True;None;829,759;27;9;5;4;
RZ22;8;InteractivePathPlanning;63,4;2;1;2214;605;False;True;None;830,2673;27;9;5;4;
RZ22;8;InteractivePathPlanning;63,5;2;1;2214;660;False;True;None;831,0967;27;9;5;4;
RZ22;8;InteractivePathPlanning;63,6;2;1;2235;856;False;True;None;836,2608;27;9;5;4;
RZ22;8;InteractivePathPlanning;63,7;2;1;2238;912;False;True;None;838,532;27;9;5;4;
RZ22;8;InteractivePathPlanning;63,8;2;1;2238;867;False;True;None;839,7359;28;9;5;4;
RZ22;8;InteractivePathPlanning;63,9;2;1;2242;720;False;True;None;843,6769;28;9;5;4;
RZ22;8;InteractivePathPlanning;64,0;2;1;2242;633;False;True;None;846,0043;28;9;5;4;
RZ22;8;InteractivePathPlanning;64,1;2;1;2242;629;False;True;None;846,1113;28;9;5;4;
RZ22;8;InteractivePathPlanning;64,2;2;1;2245;678;False;True;None;847,4328;28;9;5;4;
RZ22;8;InteractivePathPlanning;64,3;2;1;2245;744;False;True;None;849,1984;28;9;5;4;
RZ22;8;InteractivePathPlanning;64,4;2;1;2245;755;False;True;None;849,4926;28;9;5;4;
RZ22;8;InteractivePathPlanning;64,5;2;1;2245;765;False;True;None;849,7601;28;9;5;4;
RZ22;8;InteractivePathPlanning;64,6;2;1;2232;776;False;True;None;850,2952;28;9;5;4;
RZ22;8;InteractivePathPlanning;64,7;2;1;2211;790;False;True;None;851,0516;28;9;5;4;
RZ22;8;InteractivePathPlanning;64,8;2;1;2204;797;False;True;None;851,4261;28;9;5;4;
RZ22;8;InteractivePathPlanning;64,9;2;1;2186;821;False;True;None;852,2817;28;9;5;4;
RZ22;8;InteractivePathPlanning;65,0;2;1;2183;825;False;True;None;852,469;28;9;5;4;
RZ22;8;InteractivePathPlanning;65,1;2;1;2183;825;False;True;None;852,469;28;9;5;4;
RZ22;8;InteractivePathPlanning;65,2;2;1;2183;825;False;True;SecondaryView;852,469;28;9;5;4;
RZ22;8;InteractivePathPlanning;65,3;2;1;2186;825;False;True;SecondaryView;852,5493;28;9;5;4;
RZ22;8;InteractivePathPlanning;65,4;2;1;2186;825;False;True;None;852,5493;28;9;5;4;
RZ22;8;InteractivePathPlanning;65,5;2;1;2186;825;False;True;SecondaryView;852,5493;28;9;5;4;
RZ22;8;InteractivePathPlanning;65,6;2;1;2186;825;False;True;SecondaryView;852,5493;28;9;5;4;
RZ22;8;InteractivePathPlanning;65,7;2;1;2186;825;False;True;MainView;852,5493;28;9;5;4;
RZ22;8;InteractivePathPlanning;65,8;2;1;2186;825;False;True;MainView;852,5493;28;9;5;4;
RZ22;8;InteractivePathPlanning;65,9;2;1;2186;825;False;True;MainView;852,5493;28;9;5;4;
RZ22;8;InteractivePathPlanning;66,0;2;1;2186;825;False;True;MainView;852,5493;28;9;5;4;
RZ22;8;InteractivePathPlanning;66,1;2;1;2186;825;False;True;MainView;852,5493;28;9;5;4;
RZ22;8;InteractivePathPlanning;66,2;2;1;2186;825;False;True;MainView;852,5493;28;9;5;4;
RZ22;8;InteractivePathPlanning;66,3;2;1;2186;825;False;True;MainView;852,5493;28;9;5;4;
RZ22;8;InteractivePathPlanning;66,4;2;1;2186;825;False;True;MainView;852,5493;28;9;5;4;
RZ22;8;InteractivePathPlanning;66,5;2;1;2186;825;False;True;MainView;852,5493;28;9;5;4;
RZ22;8;InteractivePathPlanning;66,6;2;1;2186;825;False;True;MainView;852,5493;28;9;5;4;
RZ22;8;InteractivePathPlanning;66,7;2;1;2186;825;False;True;MainView;852,5493;28;9;5;4;
RZ22;8;InteractivePathPlanning;66,8;2;1;2186;825;False;True;MainView;852,5493;28;9;5;4;
RZ22;8;InteractivePathPlanning;66,9;2;1;2186;825;False;True;MainView;852,5493;28;9;5;4;
RZ22;8;InteractivePathPlanning;67,0;2;1;2186;825;False;True;MainView;852,5493;28;9;5;4;
RZ22;8;InteractivePathPlanning;67,1;2;1;2186;825;False;True;MainView;852,5493;28;9;5;4;
RZ22;8;InteractivePathPlanning;67,2;2;1;2186;825;False;True;MainView;852,5493;28;9;5;4;
RZ22;8;InteractivePathPlanning;67,3;2;1;2186;825;False;True;MainView;852,5493;28;9;5;4;
RZ22;8;InteractivePathPlanning;67,4;2;1;2186;825;False;True;MainView;852,5493;28;9;5;4;
RZ22;8;InteractivePathPlanning;67,5;2;1;2186;825;False;True;MainView;852,5493;28;9;5;4;
RZ22;8;InteractivePathPlanning;67,6;2;1;2189;828;False;True;MainView;852,7098;28;9;5;4;
RZ22;8;InteractivePathPlanning;67,7;2;1;2189;828;False;True;MainView;852,7098;28;9;5;4;
RZ22;8;InteractivePathPlanning;67,8;2;1;2189;828;False;True;SecondaryView;852,7098;28;9;5;4;
RZ22;8;InteractivePathPlanning;67,9;2;1;2189;828;False;True;SecondaryView;852,7098;28;9;5;4;
RZ22;8;InteractivePathPlanning;68,0;2;1;2196;832;False;True;SecondaryView;852,9506;28;9;5;4;
RZ22;8;InteractivePathPlanning;68,1;2;1;2196;832;False;True;SecondaryView;852,9506;28;9;5;4;
RZ22;8;InteractivePathPlanning;68,2;2;1;2196;832;False;True;None;852,9506;28;9;5;4;
RZ22;8;InteractivePathPlanning;68,3;2;1;2196;839;False;True;SecondaryView;853,1378;28;9;5;4;
RZ22;8;InteractivePathPlanning;68,4;2;1;2193;849;False;True;SecondaryView;853,4321;28;9;5;4;
RZ22;8;InteractivePathPlanning;68,5;2;1;2193;856;False;True;SecondaryView;853,6194;28;9;5;4;
RZ22;8;InteractivePathPlanning;68,6;2;1;2193;856;False;True;SecondaryView;853,6194;28;9;5;4;
RZ22;8;InteractivePathPlanning;68,7;2;1;2190;856;False;True;SecondaryView;853,6996;28;9;5;4;
RZ22;8;InteractivePathPlanning;68,8;2;1;2190;860;False;True;None;853,8066;28;9;5;4;
RZ22;8;InteractivePathPlanning;68,9;2;1;2190;860;False;True;None;853,8066;28;9;5;4;
RZ22;8;InteractivePathPlanning;69,0;2;1;2190;860;False;True;SecondaryView;853,8066;28;9;5;4;
RZ22;8;InteractivePathPlanning;69,1;2;1;2190;860;False;True;MainView;853,8066;28;9;5;4;
RZ22;8;InteractivePathPlanning;69,2;2;1;2190;860;False;True;MainView;853,8066;28;9;5;4;
RZ22;8;InteractivePathPlanning;69,3;2;1;2190;860;False;True;MainView;853,8066;28;9;5;4;
RZ22;8;InteractivePathPlanning;69,4;2;1;2190;860;False;True;MainView;853,8066;28;9;5;4;
RZ22;8;InteractivePathPlanning;69,5;2;1;2190;860;False;True;MainView;853,8066;28;9;5;4;
RZ22;8;InteractivePathPlanning;69,6;2;1;2190;860;False;True;MainView;853,8066;28;9;5;4;
RZ22;8;InteractivePathPlanning;69,7;2;1;2190;860;False;True;MainView;853,8066;28;9;5;4;
RZ22;8;InteractivePathPlanning;69,8;2;1;2190;860;False;True;MainView;853,8066;28;9;5;4;
RZ22;8;InteractivePathPlanning;69,9;2;1;2190;860;False;True;MainView;853,8066;28;10;5;4;
RZ22;8;InteractivePathPlanning;70,0;2;1;2193;860;False;True;MainView;853,8869;28;10;5;4;
RZ22;8;InteractivePathPlanning;70,1;2;1;2193;860;False;True;MainView;853,8869;28;10;5;4;
RZ22;8;InteractivePathPlanning;70,2;2;1;2196;860;False;True;MainView;853,9672;28;10;5;4;
RZ22;8;InteractivePathPlanning;70,3;2;1;2196;860;False;True;MainView;853,9672;28;10;5;4;
RZ22;8;InteractivePathPlanning;70,4;2;1;2196;860;False;True;MainView;853,9672;28;10;5;4;
RZ22;8;InteractivePathPlanning;70,5;2;1;2196;860;False;True;MainView;853,9672;28;10;5;4;
RZ22;8;InteractivePathPlanning;70,6;2;1;2196;860;False;True;MainView;853,9672;28;10;5;4;
RZ22;8;InteractivePathPlanning;70,7;2;1;2196;860;False;True;MainView;853,9672;28;10;5;4;
RZ22;8;InteractivePathPlanning;70,8;2;1;2196;860;False;True;MainView;853,9672;28;10;5;4;
RZ22;8;InteractivePathPlanning;70,9;2;1;2196;860;False;True;MainView;853,9672;28;10;5;4;
RZ22;8;InteractivePathPlanning;71,0;2;1;2196;860;False;True;MainView;853,9672;28;10;5;4;
RZ22;8;InteractivePathPlanning;71,1;2;1;2196;860;False;True;MainView;853,9672;28;10;5;4;
RZ22;8;InteractivePathPlanning;71,2;2;1;2183;860;False;True;MainView;854,1277;28;10;5;4;
RZ22;8;InteractivePathPlanning;71,3;2;1;2172;877;False;True;MainView;854,8297;28;10;5;4;
RZ22;8;InteractivePathPlanning;71,4;2;1;2172;902;False;True;MainView;855,6323;28;10;5;4;
RZ22;8;InteractivePathPlanning;71,5;2;1;2172;902;False;True;MainView;855,6323;28;10;5;4;
RZ22;8;InteractivePathPlanning;71,6;2;1;2172;905;False;True;MainView;855,7125;28;10;5;4;
RZ22;8;InteractivePathPlanning;71,7;2;1;2172;905;False;True;MainView;855,7125;28;10;5;4;
RZ22;8;InteractivePathPlanning;71,8;2;1;2172;905;False;True;MainView;855,7125;28;10;5;4;
RZ22;8;InteractivePathPlanning;71,9;2;1;2172;937;False;True;MainView;856,4615;28;10;5;4;
RZ22;8;InteractivePathPlanning;72,0;2;1;2172;951;False;True;MainView;856,9431;28;10;5;4;
RZ22;8;InteractivePathPlanning;72,1;2;1;2172;951;False;True;MainView;856,9431;28;10;5;4;
RZ22;8;InteractivePathPlanning;72,2;2;1;2172;951;False;True;MainView;856,9431;28;10;5;4;
RZ22;8;InteractivePathPlanning;72,3;2;1;2175;916;False;True;MainView;857,9061;29;10;5;4;
RZ22;8;InteractivePathPlanning;72,4;2;1;2182;874;False;True;MainView;858,9124;29;10;5;4;
RZ22;8;InteractivePathPlanning;72,5;2;1;2189;843;False;True;MainView;859,9022;29;10;5;4;
RZ22;8;InteractivePathPlanning;72,6;2;1;2193;808;False;True;MainView;861,0056;29;10;5;4;
RZ22;8;InteractivePathPlanning;72,7;2;1;2196;773;False;True;MainView;861,8884;29;10;5;4;
RZ22;8;InteractivePathPlanning;72,8;2;1;2196;755;False;True;MainView;862,2629;29;10;5;4;
RZ22;8;InteractivePathPlanning;72,9;2;1;2196;661;False;True;MainView;864,403;29;10;5;4;
RZ22;8;InteractivePathPlanning;73,0;2;1;2193;591;False;True;MainView;866,8459;29;10;5;4;
RZ22;8;InteractivePathPlanning;73,1;2;1;2193;604;False;True;MainView;867,1134;29;10;5;4;
RZ22;8;InteractivePathPlanning;73,2;2;1;2196;615;False;True;MainView;867,5212;29;10;5;4;
RZ22;8;InteractivePathPlanning;73,3;2;1;2196;615;False;True;MainView;867,5212;29;10;5;4;
RZ22;8;InteractivePathPlanning;73,4;2;1;2193;591;False;True;MainView;868,1797;29;10;5;4;
RZ22;8;InteractivePathPlanning;73,5;2;1;2193;591;False;True;SecondaryView;868,1797;29;10;5;4;
RZ22;8;InteractivePathPlanning;73,6;2;1;2193;591;False;True;SecondaryView;868,1797;29;10;5;4;
RZ22;8;InteractivePathPlanning;73,7;2;1;2183;639;False;True;None;869,5755;29;10;5;4;
RZ22;8;InteractivePathPlanning;73,8;2;1;2176;706;False;True;None;871,3936;29;10;5;4;
RZ22;8;InteractivePathPlanning;73,9;2;1;2179;772;False;True;None;873,1699;29;10;5;4;
RZ22;8;InteractivePathPlanning;74,0;2;1;2200;856;False;True;None;875,4872;29;10;5;4;
RZ22;8;InteractivePathPlanning;74,1;2;1;2210;937;False;True;None;877,6846;29;10;5;4;
RZ22;8;InteractivePathPlanning;74,2;2;1;2210;954;False;True;None;878,1394;29;10;5;4;
RZ22;8;InteractivePathPlanning;74,3;2;1;2210;944;False;True;None;878,4069;30;10;5;4;
RZ22;8;InteractivePathPlanning;74,4;2;1;2217;871;False;True;None;880,3833;30;10;5;4;
RZ22;8;InteractivePathPlanning;74,5;2;1;2217;787;False;True;None;882,6304;30;10;5;4;
RZ22;8;InteractivePathPlanning;74,6;2;1;2217;769;False;True;None;883,1119;30;10;5;4;
RZ22;8;InteractivePathPlanning;74,7;2;1;2217;766;False;True;None;883,1921;30;10;5;4;
RZ22;8;InteractivePathPlanning;74,8;2;1;2207;790;False;True;None;883,8981;30;10;5;4;
RZ22;8;InteractivePathPlanning;74,9;2;1;2197;835;False;True;None;885,1633;30;10;5;4;
RZ22;8;InteractivePathPlanning;75,0;2;1;2197;860;False;True;None;885,832;30;10;5;4;
RZ22;8;InteractivePathPlanning;75,1;2;1;2193;877;False;True;None;886,3311;30;10;5;4;
RZ22;8;InteractivePathPlanning;75,2;2;1;2183;895;False;True;None;886,9732;30;10;5;4;
RZ22;8;InteractivePathPlanning;75,3;2;1;2169;902;False;True;None;887,4723;30;10;5;4;
RZ22;8;InteractivePathPlanning;75,4;2;1;2162;905;False;True;None;887,6863;30;10;5;4;
RZ22;8;InteractivePathPlanning;75,5;2;1;2175;919;False;True;None;888,2547;30;10;5;4;
RZ22;8;InteractivePathPlanning;75,6;2;1;2189;954;False;True;None;889,3135;30;10;5;4;
RZ22;8;InteractivePathPlanning;75,7;2;1;2196;1014;False;True;None;890,9459;30;10;5;4;
RZ22;8;InteractivePathPlanning;75,8;2;1;2196;1066;False;True;None;892,337;30;10;5;4;
RZ22;8;InteractivePathPlanning;75,9;2;1;2197;1091;False;True;None;893,0768;30;10;5;4;
RZ22;8;InteractivePathPlanning;76,0;2;1;2197;1098;False;True;None;893,2641;30;10;5;4;
RZ22;8;InteractivePathPlanning;76,1;2;1;2197;1101;False;True;None;893,3444;30;10;5;4;
RZ22;8;InteractivePathPlanning;76,2;2;1;2197;1101;False;True;None;893,3444;30;10;5;4;
RZ22;8;InteractivePathPlanning;76,3;2;1;2197;1101;False;True;None;893,3444;30;11;5;4;
RZ22;8;InteractivePathPlanning;76,4;2;1;2197;1101;False;True;None;893,3444;30;11;5;4;
RZ22;8;InteractivePathPlanning;76,5;2;1;2197;1101;False;True;None;893,3444;30;11;5;4;
RZ22;8;InteractivePathPlanning;76,6;2;1;2197;1101;False;True;None;893,3444;30;11;5;4;
RZ22;8;InteractivePathPlanning;76,7;2;1;2197;1101;False;True;None;893,3444;30;11;5;4;
RZ22;8;InteractivePathPlanning;76,8;2;1;2197;1101;False;True;None;893,3444;30;11;5;4;
RZ22;8;InteractivePathPlanning;76,9;2;1;2197;1101;False;True;None;893,3444;30;11;5;4;
RZ22;8;InteractivePathPlanning;77,0;2;1;2203;1088;False;True;None;893,8527;31;11;5;4;
RZ22;8;InteractivePathPlanning;77,1;2;1;2207;1060;False;True;None;894,6552;31;11;5;4;
RZ22;8;InteractivePathPlanning;77,2;2;1;2207;990;False;True;None;896,1533;31;11;5;4;
RZ22;8;InteractivePathPlanning;77,3;2;1;2207;930;False;True;None;898,1328;31;11;5;4;
RZ22;8;InteractivePathPlanning;77,4;2;1;2207;899;False;True;None;898,9621;31;11;5;4;
RZ22;8;InteractivePathPlanning;77,5;2;1;2207;878;False;True;None;899,4436;31;11;5;4;
RZ22;8;InteractivePathPlanning;77,6;2;1;2207;871;False;True;None;899,7111;31;11;5;4;
RZ22;8;InteractivePathPlanning;77,7;2;1;2207;867;False;True;None;899,8181;31;11;5;4;
RZ22;8;InteractivePathPlanning;77,8;2;1;2207;864;False;True;None;899,8984;31;11;5;4;
RZ22;8;InteractivePathPlanning;77,9;2;1;2207;864;False;True;None;899,8984;31;11;5;4;
RZ22;8;InteractivePathPlanning;78,0;2;1;2207;864;False;True;None;899,8984;31;11;5;4;
RZ22;8;InteractivePathPlanning;78,1;2;1;2207;864;False;True;SecondaryView;899,8984;31;11;5;4;
RZ22;8;InteractivePathPlanning;78,2;2;1;2207;864;False;True;MainView;899,8984;31;11;5;4;
RZ22;8;InteractivePathPlanning;78,3;2;1;2207;850;False;True;MainView;900,2729;31;11;5;4;
RZ22;8;InteractivePathPlanning;78,4;2;1;2207;836;False;True;MainView;900,6474;31;11;5;4;
RZ22;8;InteractivePathPlanning;78,5;2;1;2207;815;False;True;MainView;901,1289;31;11;5;4;
RZ22;8;InteractivePathPlanning;78,6;2;1;2207;769;False;True;MainView;902,4397;31;11;5;4;
RZ22;8;InteractivePathPlanning;78,7;2;1;2207;713;False;True;MainView;903,6435;31;11;5;4;
RZ22;8;InteractivePathPlanning;78,8;2;1;2207;657;False;True;MainView;905,2485;31;11;5;4;
RZ22;8;InteractivePathPlanning;78,9;2;1;2207;619;False;True;MainView;906,4523;31;11;5;4;
RZ22;8;InteractivePathPlanning;79,0;2;1;2207;605;False;True;MainView;906,8268;31;11;5;4;
RZ22;8;InteractivePathPlanning;79,1;2;1;2207;573;False;True;MainView;907,4956;31;11;5;4;
RZ22;8;InteractivePathPlanning;79,2;2;1;2210;535;False;True;SecondaryView;908,7327;31;11;5;4;
RZ22;8;InteractivePathPlanning;79,3;2;1;2210;524;False;True;None;909,0269;31;11;5;4;
RZ22;8;InteractivePathPlanning;79,4;2;1;2200;569;False;True;None;910,0806;31;11;5;4;
RZ22;8;InteractivePathPlanning;79,5;2;1;2200;716;False;True;None;914,2806;31;11;5;4;
RZ22;8;InteractivePathPlanning;79,6;2;1;2200;790;False;True;None;915,966;31;11;5;4;
RZ22;8;InteractivePathPlanning;79,7;2;1;2207;860;False;True;None;917,973;31;11;5;4;
RZ22;8;InteractivePathPlanning;79,8;2;1;2217;884;False;True;None;918,874;31;11;5;4;
RZ22;8;InteractivePathPlanning;79,9;2;1;2221;895;False;True;None;919,1683;31;11;5;4;
RZ22;8;InteractivePathPlanning;80,0;2;1;2218;916;False;True;None;919,7633;31;11;5;4;
RZ22;8;InteractivePathPlanning;80,1;2;1;2218;937;False;True;None;920,3251;31;11;5;4;
RZ22;8;InteractivePathPlanning;80,2;2;1;2214;947;False;True;None;920,8066;31;11;5;4;
RZ22;8;InteractivePathPlanning;80,3;2;1;2214;947;False;True;None;920,8066;31;11;5;4;
RZ22;8;InteractivePathPlanning;80,4;2;1;2211;947;False;True;None;920,8868;31;11;5;4;
RZ22;8;InteractivePathPlanning;80,5;2;1;2207;951;False;True;None;921,1008;31;11;5;4;
RZ22;8;InteractivePathPlanning;80,6;2;1;2204;951;False;True;None;921,1811;31;11;5;4;
RZ22;8;InteractivePathPlanning;80,7;2;1;2200;951;False;True;None;921,2881;31;12;5;4;
RZ22;8;InteractivePathPlanning;80,8;2;1;2207;951;False;True;None;921,4753;31;12;5;4;
RZ22;8;InteractivePathPlanning;80,9;2;1;2207;948;False;True;None;921,5556;31;12;5;4;
RZ22;8;InteractivePathPlanning;81,0;2;1;2207;948;False;True;None;921,5556;31;12;5;4;
RZ22;8;InteractivePathPlanning;81,1;2;1;2204;895;False;True;None;923,007;31;12;5;4;
RZ22;8;InteractivePathPlanning;81,2;2;1;2193;822;False;True;None;925,0054;31;12;5;4;
RZ22;8;InteractivePathPlanning;81,3;2;1;2186;804;False;True;None;925,5477;31;12;5;4;
RZ22;8;InteractivePathPlanning;81,4;2;1;2183;804;False;True;SecondaryView;925,6279;31;12;5;4;
RZ22;8;InteractivePathPlanning;81,5;2;1;2155;794;False;True;MainView;926,4305;31;12;5;4;
RZ22;8;InteractivePathPlanning;81,6;2;1;2067;780;False;True;MainView;928,8289;31;12;5;4;
RZ22;8;InteractivePathPlanning;81,7;2;1;1962;738;False;True;MainView;931,5576;31;12;5;4;
RZ22;8;InteractivePathPlanning;81,8;2;1;1889;710;False;True;MainView;933,9726;31;12;5;4;
RZ22;8;InteractivePathPlanning;81,9;2;1;1724;702;False;True;MainView;938,4369;31;12;5;4;
RZ22;8;InteractivePathPlanning;82,0;2;1;1458;783;False;True;MainView;945,0787;31;12;5;4;
RZ22;8;InteractivePathPlanning;82,1;2;1;1196;825;False;True;MainView;952,9929;31;12;5;4;
RZ22;8;InteractivePathPlanning;82,2;2;1;713;944;False;True;MainView;966,3165;31;12;5;4;
RZ22;8;InteractivePathPlanning;82,3;2;1;646;1014;False;True;MainView;968,9421;31;12;5;4;
RZ22;8;InteractivePathPlanning;82,4;2;1;517;1136;False;True;MainView;974,0878;31;12;5;4;
RZ22;8;InteractivePathPlanning;82,5;2;1;275;1294;False;True;MainView;981,8289;31;12;5;4;
RZ22;8;InteractivePathPlanning;82,6;2;1;233;1311;False;True;MainView;982,9467;31;12;5;4;
RZ22;8;InteractivePathPlanning;82,7;2;1;128;1311;False;True;MainView;985,9429;31;12;5;4;
RZ22;8;InteractivePathPlanning;82,8;2;1;37;1305;False;True;MainView;988,3909;31;12;5;4;
RZ22;8;InteractivePathPlanning;82,9;2;1;13;1294;False;True;MainView;989,1179;31;12;5;4;
RZ22;8;InteractivePathPlanning;83,0;2;1;23;1291;False;True;MainView;989,4187;31;12;5;4;
RZ22;8;InteractivePathPlanning;83,1;2;1;58;1287;False;True;MainView;990,4085;31;12;5;4;
RZ22;8;InteractivePathPlanning;83,2;2;1;65;1287;False;True;MainView;990,5958;31;12;5;4;
RZ22;8;InteractivePathPlanning;83,3;2;1;75;1287;False;True;MainView;990,8633;31;12;5;4;
RZ22;8;InteractivePathPlanning;83,4;2;1;82;1287;False;True;MainView;991,0505;31;12;5;4;
RZ22;8;InteractivePathPlanning;83,5;2;1;86;1287;False;True;MainView;991,1575;31;12;5;4;
RZ22;8;InteractivePathPlanning;83,6;2;1;86;1287;False;True;MainView;991,1575;31;12;5;4;
RZ22;8;InteractivePathPlanning;83,7;2;1;86;1287;False;True;MainView;991,1575;31;12;5;4;
RZ22;8;InteractivePathPlanning;83,8;2;1;86;1287;False;True;MainView;991,1575;31;12;5;4;
RZ22;8;InteractivePathPlanning;83,9;2;1;89;1290;False;True;MainView;991,2378;31;12;5;4;
RZ22;8;InteractivePathPlanning;84,0;2;1;96;1294;False;True;MainView;991,5588;31;12;5;4;
RZ22;8;InteractivePathPlanning;84,1;2;1;100;1297;False;True;MainView;991,6926;31;12;5;4;
RZ22;8;InteractivePathPlanning;84,2;2;1;103;1297;False;True;MainView;991,7729;31;12;5;4;
RZ22;8;InteractivePathPlanning;84,3;2;1;103;1297;False;True;MainView;991,7729;31;12;5;4;
RZ22;8;InteractivePathPlanning;84,4;2;1;103;1297;False;True;MainView;991,7729;31;12;5;4;
RZ22;8;InteractivePathPlanning;84,5;2;1;103;1301;False;True;MainView;991,7729;31;12;5;4;
RZ22;8;InteractivePathPlanning;84,6;2;1;110;1308;False;True;MainView;992,2009;31;12;5;4;
RZ22;8;InteractivePathPlanning;84,7;2;1;110;1308;False;True;MainView;992,2009;31;12;5;4;
RZ22;8;InteractivePathPlanning;84,8;2;1;110;1308;False;True;MainView;992,2009;31;12;5;4;
RZ22;8;InteractivePathPlanning;84,9;2;1;110;1308;False;True;MainView;992,2009;31;12;5;4;
RZ22;8;InteractivePathPlanning;85,0;2;1;110;1308;False;True;MainView;992,2009;31;12;5;4;
RZ22;8;InteractivePathPlanning;85,1;2;1;110;1308;False;True;MainView;992,2009;31;12;5;4;
RZ22;8;InteractivePathPlanning;85,2;2;1;110;1308;False;True;MainView;992,2009;31;12;5;4;
RZ22;8;InteractivePathPlanning;85,3;2;1;110;1308;False;True;SecondaryView;992,2009;31;12;5;4;
RZ22;8;InteractivePathPlanning;85,4;2;1;114;1308;False;True;Instructions;992,2009;31;12;5;4;
RZ22;8;InteractivePathPlanning;85,5;2;1;117;1318;False;True;SecondaryView;992,6022;31;12;5;4;
RZ22;8;InteractivePathPlanning;85,6;2;1;124;1329;False;True;Instructions;993,0211;31;12;5;4;
RZ22;8;InteractivePathPlanning;85,7;2;1;124;1329;False;True;None;993,0211;31;12;5;4;
RZ22;8;InteractivePathPlanning;85,8;2;1;124;1329;False;True;None;993,0211;31;12;5;4;
RZ22;8;InteractivePathPlanning;85,9;2;1;124;1329;False;True;None;993,0211;31;12;5;4;
RZ22;8;InteractivePathPlanning;86,0;2;1;124;1329;False;True;None;993,0211;31;12;5;4;
RZ22;8;InteractivePathPlanning;86,1;2;1;124;1329;False;True;None;993,0211;31;12;5;4;
RZ22;8;InteractivePathPlanning;86,2;2;1;124;1329;False;True;SecondaryView;993,0211;31;12;5;4;
RZ22;8;InteractivePathPlanning;86,3;2;1;124;1329;False;True;MainView;993,0211;31;12;5;4;
RZ22;8;InteractivePathPlanning;86,4;2;1;124;1329;False;True;None;993,0211;31;12;5;4;
RZ22;8;InteractivePathPlanning;86,5;2;1;124;1329;False;True;MainView;993,0211;31;12;5;4;
RZ22;8;InteractivePathPlanning;86,6;2;1;124;1329;False;True;None;993,0211;31;12;5;4;
RZ22;8;InteractivePathPlanning;86,7;2;1;124;1329;False;True;None;993,0211;31;12;5;4;
RZ22;8;InteractivePathPlanning;86,8;2;1;124;1329;False;True;MainView;993,0211;31;12;5;4;
RZ22;8;InteractivePathPlanning;86,9;2;1;124;1329;False;True;MainView;993,0211;31;12;5;4;
RZ22;8;InteractivePathPlanning;87,0;2;1;124;1329;False;True;MainView;993,0211;31;12;5;4;
RZ22;8;InteractivePathPlanning;87,1;2;1;124;1329;False;True;MainView;993,0211;31;12;5;4;
RZ22;8;InteractivePathPlanning;87,2;2;1;124;1329;False;True;MainView;993,0211;31;12;5;4;
RZ22;8;InteractivePathPlanning;87,3;2;1;124;1329;False;True;MainView;993,0211;31;12;5;4;
RZ22;8;InteractivePathPlanning;87,4;2;1;124;1329;False;True;None;993,0211;31;12;5;4;
RZ22;8;InteractivePathPlanning;87,5;2;1;124;1329;False;True;None;993,0211;31;12;5;4;
RZ22;8;InteractivePathPlanning;87,6;2;1;124;1329;False;True;None;993,0211;31;12;5;4;
RZ22;8;InteractivePathPlanning;87,7;2;1;124;1329;False;True;None;993,0211;32;12;5;4;
RZ22;8;InteractivePathPlanning;87,8;2;1;145;1319;False;True;None;993,4546;32;12;5;4;
RZ22;8;InteractivePathPlanning;87,9;2;1;233;1259;False;True;MainView;995,7878;32;12;5;4;
RZ22;8;InteractivePathPlanning;88,0;2;1;359;1172;False;True;MainView;999,7609;32;12;5;4;
RZ22;8;InteractivePathPlanning;88,1;2;1;663;1035;False;True;MainView;1007,59;32;12;5;4;
RZ22;8;InteractivePathPlanning;88,2;2;1;912;951;False;True;MainView;1016,612;32;12;5;4;
RZ22;8;InteractivePathPlanning;88,3;2;1;915;951;False;True;MainView;1016,693;32;12;5;4;
RZ22;8;InteractivePathPlanning;88,4;2;1;1013;913;False;True;MainView;1018,491;32;12;5;4;
RZ22;8;InteractivePathPlanning;88,5;2;1;1192;857;False;True;MainView;1024,387;32;12;5;4;
RZ22;8;InteractivePathPlanning;88,6;2;1;1195;857;False;True;MainView;1024,655;32;12;5;4;
RZ22;8;InteractivePathPlanning;88,7;2;1;1248;863;False;True;MainView;1026,089;32;12;5;4;
RZ22;8;InteractivePathPlanning;88,8;2;1;1395;870;False;True;MainView;1030,037;32;12;5;4;
RZ22;8;InteractivePathPlanning;88,9;2;1;1640;912;False;True;MainView;1036,722;32;12;5;4;
RZ22;8;InteractivePathPlanning;89,0;2;1;1570;975;False;True;None;1040,442;32;12;5;4;
RZ22;8;InteractivePathPlanning;89,1;2;1;1024;1031;False;True;MainView;1055,134;32;12;5;4;
RZ22;8;InteractivePathPlanning;89,2;2;1;860;1077;False;True;MainView;1059,698;32;12;5;4;
RZ22;8;InteractivePathPlanning;89,3;2;1;611;1147;False;True;MainView;1066,636;32;12;5;4;
RZ22;8;InteractivePathPlanning;89,4;2;1;268;1276;False;True;MainView;1076,454;32;12;5;4;
RZ22;8;InteractivePathPlanning;89,5;2;1;160;1329;False;True;MainView;1079,73;32;12;5;4;
RZ22;8;InteractivePathPlanning;89,6;2;1;100;1340;False;True;MainView;1082,3;32;12;5;4;
RZ22;8;InteractivePathPlanning;89,7;2;1;114;1315;False;True;MainView;1083,163;32;12;5;4;
RZ22;8;InteractivePathPlanning;89,8;2;1;142;1287;False;True;MainView;1084,156;32;12;5;4;
RZ22;8;InteractivePathPlanning;89,9;2;1;142;1284;False;True;MainView;1084,343;33;12;5;4;
RZ22;8;InteractivePathPlanning;90,0;2;1;275;1214;False;True;MainView;1088,369;33;12;5;4;
RZ22;8;InteractivePathPlanning;90,1;2;1;303;1207;False;True;MainView;1089,149;33;12;5;4;
RZ22;8;InteractivePathPlanning;90,2;2;1;306;1203;False;True;MainView;1089,336;33;12;5;4;
RZ22;8;InteractivePathPlanning;90,3;2;1;306;1203;False;True;MainView;1089,336;33;12;5;4;
RZ22;8;InteractivePathPlanning;90,4;2;1;251;1220;False;True;MainView;1090,294;33;12;5;4;
RZ22;8;InteractivePathPlanning;90,5;1;2;198;1241;False;False;MainView;1092,419;33;12;5;4;
RZ22;8;InteractivePathPlanning;90,6;1;2;177;1259;False;False;MainView;1093,21;33;12;5;4;
RZ22;8;InteractivePathPlanning;90,7;1;2;222;1193;False;False;MainView;1094,616;33;12;5;4;
RZ22;8;InteractivePathPlanning;90,8;1;2;289;986;False;False;MainView;1101,201;33;12;5;4;
RZ22;8;InteractivePathPlanning;90,9;1;2;292;934;False;False;MainView;1102,598;33;12;5;4;
RZ22;8;InteractivePathPlanning;91,0;1;2;247;1038;False;False;MainView;1104,56;33;12;5;4;
RZ22;8;InteractivePathPlanning;91,1;1;2;174;1189;False;False;MainView;1110,177;33;12;5;4;
RZ22;8;InteractivePathPlanning;91,2;1;2;149;1231;False;False;MainView;1111,566;33;12;5;4;
RZ22;8;InteractivePathPlanning;91,3;1;2;139;1276;False;False;MainView;1112,647;33;12;5;4;
RZ22;8;InteractivePathPlanning;91,4;1;2;142;1290;False;False;MainView;1113,289;34;12;5;4;
RZ22;8;InteractivePathPlanning;91,5;1;2;460;1140;False;False;MainView;1122,751;34;12;5;4;
RZ22;8;InteractivePathPlanning;91,6;1;2;677;1070;False;False;MainView;1128,648;34;12;5;4;
RZ22;8;InteractivePathPlanning;91,7;1;2;859;1007;False;False;MainView;1134,018;34;12;5;4;
RZ22;8;InteractivePathPlanning;91,8;1;2;1031;951;False;True;MainView;1138,875;34;12;5;4;
RZ22;8;InteractivePathPlanning;91,9;1;2;1094;975;False;True;MainView;1139,972;34;12;5;4;
RZ22;8;InteractivePathPlanning;92,0;1;2;1668;972;False;True;SecondaryView;1156,107;34;12;5;4;
RZ22;8;InteractivePathPlanning;92,1;1;2;1881;948;False;True;None;1161,863;34;12;5;4;
RZ22;8;InteractivePathPlanning;92,2;1;2;1965;888;False;True;None;1163,508;34;12;6;4;
RZ22;8;InteractivePathPlanning;92,3;1;2;2105;891;False;True;None;1168,807;34;12;6;4;
RZ22;8;InteractivePathPlanning;92,4;1;2;2144;912;False;True;None;1170,078;34;12;6;4;
RZ22;8;InteractivePathPlanning;92,5;1;2;2151;912;False;True;None;1170,158;34;12;6;4;
RZ22;8;InteractivePathPlanning;92,6;1;2;2203;937;False;True;None;1171,84;34;12;6;4;
RZ22;8;InteractivePathPlanning;92,7;1;2;2231;951;False;True;None;1172,694;34;12;6;4;
RZ22;8;InteractivePathPlanning;92,8;1;2;2231;951;False;True;None;1172,694;34;13;6;4;
RZ22;8;InteractivePathPlanning;92,9;1;2;2225;954;False;True;None;1172,888;34;13;6;4;
RZ22;8;InteractivePathPlanning;93,0;1;2;2211;954;False;True;None;1173,263;34;13;6;4;
RZ22;8;InteractivePathPlanning;93,1;1;2;2204;961;False;True;None;1173,557;34;13;6;4;
RZ22;8;InteractivePathPlanning;93,2;1;2;2207;1000;False;True;SecondaryView;1174,764;34;13;6;4;
RZ22;8;InteractivePathPlanning;93,3;1;2;2214;1017;False;True;MainView;1175,264;34;13;6;4;
RZ22;8;InteractivePathPlanning;93,4;1;2;2228;888;False;True;MainView;1177,7;35;13;6;4;
RZ22;8;InteractivePathPlanning;93,5;1;2;2211;664;False;True;MainView;1184,768;35;13;6;4;
RZ22;8;InteractivePathPlanning;93,6;1;2;2207;601;False;True;MainView;1186,463;35;13;6;4;
RZ22;8;InteractivePathPlanning;93,7;1;2;2231;716;False;True;MainView;1188,969;35;13;6;4;
RZ22;8;InteractivePathPlanning;93,8;1;2;2242;835;False;True;MainView;1192,827;35;13;6;4;
RZ22;8;InteractivePathPlanning;93,9;1;2;2245;884;False;True;SecondaryView;1194,154;35;13;6;4;
RZ22;8;InteractivePathPlanning;94,0;1;2;2245;878;False;True;None;1194,342;36;13;6;4;
RZ22;8;InteractivePathPlanning;94,1;1;2;2245;759;False;True;None;1197,712;36;13;6;4;
RZ22;8;InteractivePathPlanning;94,2;1;2;2242;657;False;True;None;1200,45;36;13;6;4;
RZ22;8;InteractivePathPlanning;94,3;1;2;2232;615;False;True;None;1201,64;36;13;6;4;
RZ22;8;InteractivePathPlanning;94,4;1;2;2225;734;False;True;None;1204,164;36;13;6;4;
RZ22;8;InteractivePathPlanning;94,5;1;2;2225;811;False;True;None;1206,897;36;13;6;4;
RZ22;8;InteractivePathPlanning;94,6;1;2;2221;856;False;True;None;1207,834;36;13;6;4;
RZ22;8;InteractivePathPlanning;94,7;1;2;2211;923;False;True;None;1209,761;36;13;6;4;
RZ22;8;InteractivePathPlanning;94,8;1;2;2228;1003;False;True;None;1211,856;36;13;6;4;
RZ22;8;InteractivePathPlanning;94,9;1;2;2238;1031;False;True;None;1212,979;36;13;6;4;
RZ22;8;InteractivePathPlanning;95,0;1;2;2238;1004;False;True;None;1213,701;36;13;6;4;
RZ22;8;InteractivePathPlanning;95,1;1;2;2238;913;False;True;None;1216,136;36;13;6;4;
RZ22;8;InteractivePathPlanning;95,2;1;2;2238;839;False;True;None;1218,115;36;13;6;4;
RZ22;8;InteractivePathPlanning;95,3;1;2;2238;797;False;True;None;1219,239;36;13;6;4;
RZ22;8;InteractivePathPlanning;95,4;1;2;2225;755;False;True;None;1220,437;36;13;6;4;
RZ22;8;InteractivePathPlanning;95,5;1;2;2211;734;False;True;None;1221,225;36;13;6;4;
RZ22;8;InteractivePathPlanning;95,6;1;2;2214;839;False;True;None;1224,101;36;13;6;4;
RZ22;8;InteractivePathPlanning;95,7;1;2;2221;864;False;True;None;1224,957;36;13;6;4;
RZ22;8;InteractivePathPlanning;95,8;1;2;2218;864;False;True;None;1225,037;36;13;6;4;
RZ22;8;InteractivePathPlanning;95,9;1;2;2224;923;False;True;None;1226,687;36;13;6;4;
RZ22;8;InteractivePathPlanning;96,0;1;2;2224;923;False;True;None;1226,687;36;13;6;4;
RZ22;8;InteractivePathPlanning;96,1;1;2;2224;923;False;True;None;1226,687;36;13;6;4;
RZ22;8;InteractivePathPlanning;96,2;1;2;2224;916;False;True;None;1226,875;36;13;6;4;
RZ22;8;InteractivePathPlanning;96,3;1;2;2218;902;False;True;None;1227,282;36;13;6;4;
RZ22;8;InteractivePathPlanning;96,4;1;2;2218;902;False;True;None;1227,282;36;13;6;4;
RZ22;8;InteractivePathPlanning;96,5;1;2;2211;870;False;True;None;1228,693;36;13;6;4;
RZ22;8;InteractivePathPlanning;96,6;1;2;2211;881;False;True;None;1228,987;36;13;6;4;
RZ22;8;InteractivePathPlanning;96,7;1;2;2211;881;False;True;None;1229,174;36;13;6;4;
RZ22;8;InteractivePathPlanning;96,8;1;2;2211;888;False;True;None;1229,709;36;13;6;4;
RZ22;8;InteractivePathPlanning;96,9;1;2;2211;933;False;True;None;1230,913;36;13;6;4;
RZ22;8;InteractivePathPlanning;97,0;1;2;2204;965;False;True;None;1231,816;36;13;6;4;
RZ22;8;InteractivePathPlanning;97,1;1;2;2204;846;False;True;None;1235;37;13;6;4;
RZ22;8;InteractivePathPlanning;97,2;1;2;2207;773;False;True;None;1236,959;37;13;6;4;
RZ22;8;InteractivePathPlanning;97,3;1;2;2224;839;False;True;None;1238,416;37;13;6;4;
RZ22;8;InteractivePathPlanning;97,4;1;2;2249;902;False;True;None;1240,651;37;13;6;4;
RZ22;8;InteractivePathPlanning;97,5;1;2;2252;909;False;True;None;1240,855;37;13;6;4;
RZ22;8;InteractivePathPlanning;97,6;1;2;2235;912;False;True;None;1241,236;37;13;6;4;
RZ22;8;InteractivePathPlanning;97,7;1;2;2211;912;False;True;None;1241,985;37;13;6;4;
RZ22;8;InteractivePathPlanning;97,8;1;2;2207;912;False;True;SecondaryView;1242,092;37;13;6;4;
RZ22;8;InteractivePathPlanning;97,9;1;2;2207;912;False;True;None;1242,092;37;13;6;4;
RZ22;8;InteractivePathPlanning;98,0;1;2;2207;912;False;True;None;1242,092;37;14;6;4;
RZ22;8;InteractivePathPlanning;98,1;1;2;2207;912;False;True;None;1242,092;37;14;6;4;
RZ22;8;InteractivePathPlanning;98,2;1;2;2210;912;False;True;None;1242,092;37;14;6;4;
RZ22;8;InteractivePathPlanning;98,3;1;2;2217;916;False;True;None;1242,413;37;14;6;4;
RZ22;8;InteractivePathPlanning;98,4;1;2;2217;916;False;True;None;1242,413;37;15;6;4;
RZ22;8;InteractivePathPlanning;98,5;1;2;2217;916;False;True;None;1242,413;37;15;6;4;
RZ22;8;InteractivePathPlanning;98,6;1;2;2217;916;False;True;None;1242,413;37;15;6;4;
RZ22;8;InteractivePathPlanning;98,7;1;2;2221;913;False;True;None;1242,601;37;15;6;4;
RZ22;8;InteractivePathPlanning;98,8;1;2;2221;926;False;True;None;1242,761;37;15;6;4;
RZ22;8;InteractivePathPlanning;98,9;1;2;2221;944;False;True;None;1243,43;37;15;6;4;
RZ22;8;InteractivePathPlanning;99,0;1;2;2218;944;False;True;None;1243,51;37;15;6;4;
RZ22;8;InteractivePathPlanning;99,1;1;2;2218;947;False;True;SecondaryView;1243,59;37;15;6;4;
RZ22;8;InteractivePathPlanning;99,2;1;2;2218;947;False;True;MainView;1243,59;37;15;6;4;
RZ22;8;InteractivePathPlanning;99,3;1;2;2218;947;False;True;MainView;1243,59;37;15;6;4;
RZ22;8;InteractivePathPlanning;99,4;1;2;2214;947;False;True;MainView;1243,59;37;15;6;4;
RZ22;8;InteractivePathPlanning;99,5;1;2;2207;944;False;True;MainView;1243,778;37;15;6;4;
RZ22;8;InteractivePathPlanning;99,6;1;2;2204;944;False;True;MainView;1243,992;37;15;6;4;
RZ22;8;InteractivePathPlanning;99,7;1;2;2197;941;False;True;MainView;1244,259;37;15;6;4;
RZ22;8;InteractivePathPlanning;99,8;1;2;2197;920;False;True;MainView;1244,553;38;15;6;4;
RZ22;8;InteractivePathPlanning;99,9;1;2;2200;832;False;True;None;1247,184;38;15;6;4;
RZ22;8;InteractivePathPlanning;100,0;1;2;2207;699;False;True;None;1250,006;38;15;6;4;
RZ22;8;InteractivePathPlanning;100,1;1;2;2210;570;False;True;None;1254,023;38;15;6;4;
RZ22;8;InteractivePathPlanning;100,2;1;2;2214;556;False;True;None;1254,691;38;15;6;4;
RZ22;8;InteractivePathPlanning;100,3;1;2;2238;636;False;True;None;1256,927;38;15;6;4;
RZ22;8;InteractivePathPlanning;100,4;1;2;2239;720;False;True;SecondaryView;1259,193;38;15;6;4;
RZ22;8;InteractivePathPlanning;100,5;1;2;2214;797;False;True;MainView;1261,367;38;15;6;4;
RZ22;8;InteractivePathPlanning;100,6;1;2;2211;853;False;True;MainView;1262,582;38;15;6;4;
RZ22;8;InteractivePathPlanning;100,7;1;2;2211;853;False;True;MainView;1262,877;39;15;6;4;
RZ22;8;InteractivePathPlanning;100,8;1;2;2224;797;False;True;MainView;1264,452;39;15;6;4;
RZ22;8;InteractivePathPlanning;100,9;1;2;2235;696;False;True;MainView;1266,811;39;15;6;4;
RZ22;8;InteractivePathPlanning;101,0;1;2;2238;643;False;True;MainView;1268,615;39;15;6;4;
RZ22;8;InteractivePathPlanning;101,1;1;2;2242;580;False;True;MainView;1270,315;39;15;6;4;
RZ22;8;InteractivePathPlanning;101,2;1;2;2242;563;False;True;SecondaryView;1270,77;39;15;6;4;
RZ22;8;InteractivePathPlanning;101,3;1;2;2242;667;False;True;SecondaryView;1273,552;39;15;6;4;
RZ22;8;InteractivePathPlanning;101,4;1;2;2242;779;False;True;None;1276,549;39;15;6;4;
RZ22;8;InteractivePathPlanning;101,5;1;2;2249;804;False;True;None;1277,278;39;15;6;4;
RZ22;8;InteractivePathPlanning;101,6;1;2;2249;804;False;True;None;1277,278;39;15;6;4;
RZ22;8;InteractivePathPlanning;101,7;1;2;2252;759;False;True;None;1278,489;39;15;6;4;
RZ22;8;InteractivePathPlanning;101,8;1;2;2263;636;False;True;None;1281,324;40;15;6;4;
RZ22;8;InteractivePathPlanning;101,9;1;2;2263;577;False;True;SecondaryView;1283,385;40;15;6;4;
RZ22;8;InteractivePathPlanning;102,0;1;2;2263;503;False;True;SecondaryView;1285,364;40;15;6;4;
RZ22;8;InteractivePathPlanning;102,1;1;2;2266;590;False;True;SecondaryView;1287,05;40;15;6;4;
RZ22;8;InteractivePathPlanning;102,2;1;2;2266;762;False;True;None;1292,671;40;15;6;4;
RZ22;8;InteractivePathPlanning;102,3;1;2;2270;793;False;True;None;1293,521;40;15;6;4;
RZ22;8;InteractivePathPlanning;102,4;1;2;2273;734;False;True;None;1294,624;41;15;6;4;
RZ22;8;InteractivePathPlanning;102,5;1;2;2260;619;False;True;None;1298,024;41;15;6;4;
RZ22;8;InteractivePathPlanning;102,6;1;2;2253;660;False;True;None;1299,346;41;15;6;4;
RZ22;8;InteractivePathPlanning;102,7;1;2;2249;713;False;True;None;1300,689;41;15;6;4;
RZ22;8;InteractivePathPlanning;102,8;1;2;2242;720;False;True;None;1300,983;41;15;6;4;
RZ22;8;InteractivePathPlanning;102,9;1;2;2228;717;False;True;None;1301,536;41;15;6;4;
RZ22;8;InteractivePathPlanning;103,0;1;2;2221;713;False;True;None;1301,723;41;15;6;4;
RZ22;8;InteractivePathPlanning;103,1;1;2;2218;713;False;True;None;1301,91;41;15;6;4;
RZ22;8;InteractivePathPlanning;103,2;1;2;2218;713;False;True;None;1301,91;41;16;6;4;
RZ22;8;InteractivePathPlanning;103,3;1;2;2218;713;False;True;None;1301,91;41;16;6;4;
RZ22;8;InteractivePathPlanning;103,4;1;2;2224;716;False;True;None;1302,104;41;16;6;4;
RZ22;8;InteractivePathPlanning;103,5;1;2;2228;723;False;True;None;1302,398;41;16;6;4;
RZ22;8;InteractivePathPlanning;103,6;1;2;2228;727;False;True;None;1302,505;41;16;6;4;
RZ22;8;InteractivePathPlanning;103,7;1;2;2228;727;False;True;None;1302,505;41;16;6;4;
RZ22;8;InteractivePathPlanning;103,8;1;2;2228;727;False;True;None;1302,505;41;16;6;4;
RZ22;8;InteractivePathPlanning;103,9;1;2;2228;727;False;True;None;1302,505;41;16;6;4;
RZ22;8;InteractivePathPlanning;104,0;1;2;2228;727;False;True;None;1302,505;41;16;6;4;
RZ22;8;InteractivePathPlanning;104,1;1;2;2228;727;False;True;None;1302,505;41;16;6;4;
RZ22;8;InteractivePathPlanning;104,2;1;2;2228;727;False;True;None;1302,505;41;16;6;4;
RZ22;8;InteractivePathPlanning;104,3;1;2;2228;727;False;True;None;1302,505;41;17;6;4;
RZ22;8;InteractivePathPlanning;104,4;1;2;2228;727;False;True;None;1302,505;41;17;6;4;
RZ22;8;InteractivePathPlanning;104,5;1;2;2228;727;False;True;None;1302,505;41;17;6;4;
RZ22;8;InteractivePathPlanning;104,6;1;2;2228;737;False;True;None;1302,773;41;17;6;4;
RZ22;8;InteractivePathPlanning;104,7;1;2;2231;800;False;True;None;1304,475;41;17;6;4;
RZ22;8;InteractivePathPlanning;104,8;1;2;2231;807;False;True;None;1304,662;42;17;6;4;
RZ22;8;InteractivePathPlanning;104,9;1;2;2231;734;False;True;None;1306,615;42;17;6;4;
RZ22;8;InteractivePathPlanning;105,0;1;2;2231;629;False;True;None;1309,424;42;17;6;4;
RZ22;8;InteractivePathPlanning;105,1;1;2;2225;563;False;True;None;1310,933;42;17;6;4;
RZ22;8;InteractivePathPlanning;105,2;1;2;2218;531;False;True;None;1312,105;42;17;6;4;
RZ22;8;InteractivePathPlanning;105,3;1;2;2218;534;False;True;None;1312,185;42;17;6;4;
RZ22;8;InteractivePathPlanning;105,4;1;2;2214;685;False;True;None;1315,19;42;17;6;4;
RZ22;8;InteractivePathPlanning;105,5;1;2;2214;737;False;True;None;1317,625;42;17;6;4;
RZ22;8;InteractivePathPlanning;105,6;1;2;2214;748;False;True;None;1317,919;42;17;6;4;
RZ22;8;InteractivePathPlanning;105,7;1;2;2214;751;False;True;SecondaryView;1317,999;42;17;6;4;
RZ22;8;InteractivePathPlanning;105,8;1;2;2214;751;False;True;SecondaryView;1317,999;42;18;6;4;
RZ22;8;InteractivePathPlanning;105,9;1;2;2214;751;False;True;SecondaryView;1317,999;42;18;6;4;
RZ22;8;InteractivePathPlanning;106,0;1;2;2214;751;False;True;None;1317,999;42;18;6;4;
RZ22;8;InteractivePathPlanning;106,1;1;2;2214;751;False;True;None;1317,999;42;18;6;4;
RZ22;8;InteractivePathPlanning;106,2;1;2;2214;751;False;True;None;1317,999;42;18;6;4;
RZ22;8;InteractivePathPlanning;106,3;1;2;2214;751;False;True;None;1317,999;42;18;6;4;
RZ22;8;InteractivePathPlanning;106,4;1;2;2214;751;False;True;None;1317,999;42;18;6;4;
RZ22;8;InteractivePathPlanning;106,5;1;2;2214;751;False;True;None;1317,999;42;18;6;4;
RZ22;8;InteractivePathPlanning;106,6;1;2;2217;741;False;True;None;1318,179;42;18;6;4;
RZ22;8;InteractivePathPlanning;106,7;1;2;2221;724;False;True;None;1318,794;42;18;6;4;
RZ22;8;InteractivePathPlanning;106,8;1;2;2228;699;False;True;None;1319,534;42;18;6;4;
RZ22;8;InteractivePathPlanning;106,9;1;2;2242;668;False;True;SecondaryView;1320,452;42;18;6;4;
RZ22;8;InteractivePathPlanning;107,0;1;2;2242;668;False;True;SecondaryView;1320,532;42;18;6;4;
RZ22;8;InteractivePathPlanning;107,1;1;2;2242;678;False;True;MainView;1320,799;42;18;6;4;
RZ22;8;InteractivePathPlanning;107,2;1;2;2239;723;False;True;MainView;1321,934;42;18;6;4;
RZ22;8;InteractivePathPlanning;107,3;1;2;2239;730;False;True;MainView;1322,201;42;18;6;4;
RZ22;8;InteractivePathPlanning;107,4;1;2;2235;730;False;True;MainView;1322,308;42;18;6;4;
RZ22;8;InteractivePathPlanning;107,5;1;2;2235;730;False;True;MainView;1322,308;42;18;6;4;
RZ22;8;InteractivePathPlanning;107,6;1;2;2238;706;False;True;MainView;1322,656;43;18;6;4;
RZ22;8;InteractivePathPlanning;107,7;1;2;2256;594;False;True;MainView;1326,002;43;18;6;4;
RZ22;8;InteractivePathPlanning;107,8;1;2;2263;496;False;True;MainView;1328,347;43;18;6;4;
RZ22;8;InteractivePathPlanning;107,9;1;2;2263;475;False;True;SecondaryView;1329,096;43;18;6;4;
RZ22;8;InteractivePathPlanning;108,0;1;2;2266;468;False;True;SecondaryView;1329,423;43;18;6;4;
RZ22;8;InteractivePathPlanning;108,1;1;2;2263;489;False;True;SecondaryView;1329,691;43;18;6;4;
RZ22;8;InteractivePathPlanning;108,2;1;2;2225;573;False;True;SecondaryView;1331,986;43;18;6;4;
RZ22;8;InteractivePathPlanning;108,3;1;2;2218;618;False;True;SecondaryView;1333,755;43;18;6;4;
RZ22;8;InteractivePathPlanning;108,4;1;2;2218;618;False;True;SecondaryView;1333,755;43;18;6;4;
RZ22;8;InteractivePathPlanning;108,5;1;2;2218;618;False;True;SecondaryView;1333,755;43;18;6;4;
RZ22;8;InteractivePathPlanning;108,6;1;2;2218;618;False;True;SecondaryView;1333,755;43;19;6;4;
RZ22;8;InteractivePathPlanning;108,7;1;2;2218;618;False;True;SecondaryView;1333,755;43;19;6;4;
RZ22;8;InteractivePathPlanning;108,8;1;2;2218;622;False;True;SecondaryView;1333,862;43;19;6;4;
RZ22;8;InteractivePathPlanning;108,9;1;2;2221;716;False;True;SecondaryView;1336,386;43;19;6;4;
RZ22;8;InteractivePathPlanning;109,0;1;2;2224;737;False;True;SecondaryView;1337,028;44;19;6;4;
RZ22;8;InteractivePathPlanning;109,1;1;2;2235;647;False;True;SecondaryView;1339,466;44;19;6;4;
RZ22;8;InteractivePathPlanning;109,2;1;2;2238;507;False;True;SecondaryView;1343,215;44;19;6;4;
RZ22;8;InteractivePathPlanning;109,3;1;2;2242;486;False;True;SecondaryView;1343,806;44;19;6;4;
RZ22;8;InteractivePathPlanning;109,4;1;2;2245;510;False;True;SecondaryView;1344,456;44;19;6;4;
RZ22;8;InteractivePathPlanning;109,5;1;2;2232;594;False;True;SecondaryView;1346,746;44;19;6;4;
RZ22;8;InteractivePathPlanning;109,6;1;2;2214;646;False;True;SecondaryView;1348,267;44;19;6;4;
RZ22;8;InteractivePathPlanning;109,7;1;2;2214;660;False;True;None;1348,642;44;19;6;4;
RZ22;8;InteractivePathPlanning;109,8;1;2;2214;660;False;True;None;1348,642;44;19;6;4;
RZ22;8;InteractivePathPlanning;109,9;1;2;2214;660;False;True;None;1348,642;44;19;6;4;
RZ22;8;InteractivePathPlanning;110,0;1;2;2214;660;False;True;None;1348,642;44;19;6;4;
RZ22;8;InteractivePathPlanning;110,1;1;2;2214;660;False;True;None;1348,642;44;20;6;4;
RZ22;8;InteractivePathPlanning;110,2;1;2;2214;660;False;True;None;1348,642;44;20;6;4;
RZ22;8;InteractivePathPlanning;110,3;1;2;2217;674;False;True;None;1349,096;44;20;6;4;
RZ22;8;InteractivePathPlanning;110,4;1;2;2221;723;False;True;None;1350,436;44;20;6;4;
RZ22;8;InteractivePathPlanning;110,5;1;2;2228;772;False;True;SecondaryView;1351,696;44;20;6;4;
RZ22;8;InteractivePathPlanning;110,6;1;2;2228;776;False;True;SecondaryView;1351,883;44;20;6;4;
RZ22;8;InteractivePathPlanning;110,7;1;2;2231;776;False;True;SecondaryView;1351,964;45;20;6;4;
RZ22;8;InteractivePathPlanning;110,8;1;2;2242;727;False;True;SecondaryView;1352,955;45;20;6;4;
RZ22;8;InteractivePathPlanning;110,9;1;2;2249;678;False;True;None;1354,696;45;20;6;4;
RZ22;8;InteractivePathPlanning;111,0;1;2;2249;678;False;True;SecondaryView;1354,696;45;20;6;4;
RZ22;8;InteractivePathPlanning;111,1;1;2;2228;657;False;True;SecondaryView;1355,177;45;20;6;4;
RZ22;8;InteractivePathPlanning;111,2;1;2;2218;650;False;True;SecondaryView;1355,934;45;20;6;4;
RZ22;8;InteractivePathPlanning;111,3;1;2;2214;650;False;True;SecondaryView;1356,148;45;20;6;4;
RZ22;8;InteractivePathPlanning;111,4;1;2;2211;657;False;True;SecondaryView;1356,415;45;20;6;4;
RZ22;8;InteractivePathPlanning;111,5;1;2;2211;657;False;True;None;1356,415;45;21;6;4;
RZ22;8;InteractivePathPlanning;111,6;1;2;2211;660;False;True;SecondaryView;1356,495;45;21;6;4;
RZ22;8;InteractivePathPlanning;111,7;1;2;2217;660;False;True;SecondaryView;1356,656;45;21;6;4;
RZ22;8;InteractivePathPlanning;111,8;1;2;2224;660;False;True;None;1356,843;45;21;6;4;
RZ22;8;InteractivePathPlanning;111,9;1;2;2228;695;False;True;SecondaryView;1357,833;45;21;6;4;
RZ22;8;InteractivePathPlanning;112,0;1;2;2221;723;False;True;SecondaryView;1358,7;45;21;6;4;
RZ22;8;InteractivePathPlanning;112,1;1;2;2221;727;False;True;SecondaryView;1358,7;45;21;6;4;
RZ22;8;InteractivePathPlanning;112,2;1;2;2221;727;False;True;SecondaryView;1358,807;45;21;6;4;
RZ22;8;InteractivePathPlanning;112,3;1;2;2221;727;False;True;SecondaryView;1358,807;45;22;6;4;
RZ22;8;InteractivePathPlanning;112,4;1;2;2221;730;False;True;SecondaryView;1358,887;45;22;6;4;
RZ22;8;InteractivePathPlanning;112,5;1;2;2221;734;False;True;SecondaryView;1358,994;45;22;6;4;
RZ22;8;InteractivePathPlanning;112,6;1;2;2218;755;False;True;SecondaryView;1359,636;45;22;6;4;
RZ22;8;InteractivePathPlanning;112,7;1;2;2211;783;False;True;SecondaryView;1360,455;45;22;6;4;
RZ22;8;InteractivePathPlanning;112,8;1;2;2211;783;False;True;None;1360,455;45;22;6;4;
RZ22;8;InteractivePathPlanning;112,9;1;2;2211;783;False;True;None;1360,455;45;23;6;4;
RZ22;8;InteractivePathPlanning;113,0;1;2;2211;793;False;True;None;1360,723;45;23;6;4;
RZ22;8;InteractivePathPlanning;113,1;1;2;2211;811;False;True;None;1361,204;45;23;6;4;
RZ22;8;InteractivePathPlanning;113,2;1;2;2217;835;False;True;None;1361,913;45;23;6;4;
RZ22;8;InteractivePathPlanning;113,3;1;2;2217;849;False;True;None;1362,287;45;23;6;4;
RZ22;8;InteractivePathPlanning;113,4;1;2;2221;863;False;True;None;1362,715;45;23;6;4;
RZ22;8;InteractivePathPlanning;113,5;1;2;2221;863;False;True;None;1362,715;45;24;6;4;
RZ22;8;InteractivePathPlanning;113,6;1;2;2221;863;False;True;None;1362,715;45;24;6;4;
RZ22;8;InteractivePathPlanning;113,7;1;2;2221;863;False;True;None;1362,715;45;24;6;4;
RZ22;8;InteractivePathPlanning;113,8;1;2;2221;863;False;True;None;1362,715;45;24;6;4;
RZ22;8;InteractivePathPlanning;113,9;1;2;2224;846;False;True;SecondaryView;1363,25;45;24;6;4;
RZ22;8;InteractivePathPlanning;114,0;1;2;2228;843;False;True;MainView;1363,438;45;24;6;4;
RZ22;8;InteractivePathPlanning;114,1;1;2;2228;839;False;True;MainView;1363,545;45;24;6;4;
RZ22;8;InteractivePathPlanning;114,2;1;2;2228;832;False;True;MainView;1363,732;45;24;6;4;
RZ22;8;InteractivePathPlanning;114,3;1;2;2228;832;False;True;MainView;1363,732;45;24;6;4;
RZ22;8;InteractivePathPlanning;114,4;1;2;2228;832;False;True;MainView;1363,732;45;24;6;4;
RZ22;8;InteractivePathPlanning;114,5;1;2;2228;832;False;True;MainView;1363,732;45;24;6;4;
RZ22;8;InteractivePathPlanning;114,6;1;2;2228;832;False;True;MainView;1363,732;45;24;6;4;
RZ22;8;InteractivePathPlanning;114,7;1;2;2228;832;False;True;MainView;1363,732;45;24;6;4;
RZ22;8;InteractivePathPlanning;114,8;1;2;2228;832;False;True;MainView;1363,732;45;24;6;4;
RZ22;8;InteractivePathPlanning;114,9;1;2;2228;832;False;True;MainView;1363,732;45;24;6;4;
RZ22;8;InteractivePathPlanning;115,0;1;2;2228;832;False;True;SecondaryView;1363,732;45;24;6;4;
RZ22;8;InteractivePathPlanning;115,1;1;2;2242;790;False;True;SecondaryView;1364,994;45;24;6;4;
RZ22;8;InteractivePathPlanning;115,2;1;2;2242;762;False;True;SecondaryView;1365,743;45;24;6;4;
RZ22;8;InteractivePathPlanning;115,3;1;2;2256;720;False;True;MainView;1366,62;45;24;6;4;
RZ22;8;InteractivePathPlanning;115,4;1;2;2263;668;False;True;MainView;1368,629;45;24;6;4;
RZ22;8;InteractivePathPlanning;115,5;1;2;2239;643;False;True;MainView;1369,595;45;24;6;4;
RZ22;8;InteractivePathPlanning;115,6;1;2;2225;608;False;True;MainView;1370,62;45;24;6;4;
RZ22;8;InteractivePathPlanning;115,7;1;2;2225;605;False;True;MainView;1370,781;45;24;6;4;
RZ22;8;InteractivePathPlanning;115,8;1;2;2225;605;False;True;MainView;1370,781;45;24;6;4;
RZ22;8;InteractivePathPlanning;115,9;1;2;2225;605;False;True;MainView;1370,781;45;24;6;4;
RZ22;8;InteractivePathPlanning;116,0;1;2;2225;605;False;True;MainView;1370,781;45;24;6;4;
RZ22;8;InteractivePathPlanning;116,1;1;2;2225;605;False;True;MainView;1370,781;45;24;6;4;
RZ22;8;InteractivePathPlanning;116,2;1;2;2225;605;False;True;MainView;1370,781;45;24;6;4;
RZ22;8;InteractivePathPlanning;116,3;1;2;2225;605;False;True;MainView;1370,781;45;24;6;4;
RZ22;8;InteractivePathPlanning;116,4;1;2;2225;605;False;True;MainView;1370,781;45;24;6;4;
RZ22;8;InteractivePathPlanning;116,5;1;2;2225;605;False;True;MainView;1370,781;45;24;6;4;
RZ22;8;InteractivePathPlanning;116,6;1;2;2225;611;False;True;MainView;1370,941;45;24;6;4;
RZ22;8;InteractivePathPlanning;116,7;1;2;2225;632;False;True;MainView;1371,503;45;24;6;4;
RZ22;8;InteractivePathPlanning;116,8;1;2;2221;646;False;True;MainView;1371,984;45;24;6;4;
RZ22;8;InteractivePathPlanning;116,9;1;2;2221;646;False;True;MainView;1371,984;45;24;6;4;
RZ22;8;InteractivePathPlanning;117,0;1;2;2224;664;False;True;MainView;1372,477;45;24;6;4;
RZ22;8;InteractivePathPlanning;117,1;1;2;2235;748;False;True;MainView;1374,571;45;24;6;4;
RZ22;8;InteractivePathPlanning;117,2;1;2;2238;755;False;True;MainView;1375,026;45;24;6;4;
RZ22;8;InteractivePathPlanning;117,3;1;2;2238;755;False;True;MainView;1375,026;45;24;6;4;
RZ22;8;InteractivePathPlanning;117,4;1;2;2238;755;False;True;MainView;1375,026;45;24;6;4;
RZ22;8;InteractivePathPlanning;117,5;1;2;2238;755;False;True;MainView;1375,026;45;24;6;4;
RZ22;8;InteractivePathPlanning;117,6;1;2;2238;755;False;True;MainView;1375,026;45;24;6;4;
RZ22;8;InteractivePathPlanning;117,7;1;2;2238;755;False;True;MainView;1375,026;45;24;6;4;
RZ22;8;InteractivePathPlanning;117,8;1;2;2238;755;False;True;MainView;1375,026;45;24;6;4;
RZ22;8;InteractivePathPlanning;117,9;1;2;2238;755;False;True;MainView;1375,026;45;24;6;4;
RZ22;8;InteractivePathPlanning;118,0;1;2;2238;755;False;True;MainView;1375,026;45;24;6;4;
RZ22;8;InteractivePathPlanning;118,1;1;2;2238;755;False;True;MainView;1375,026;45;24;6;4;
RZ22;8;InteractivePathPlanning;118,2;1;2;2232;748;False;True;MainView;1375,326;45;24;6;4;
RZ22;8;InteractivePathPlanning;118,3;1;2;2214;727;False;True;MainView;1376,039;45;24;6;4;
RZ22;8;InteractivePathPlanning;118,4;1;2;2211;727;False;True;MainView;1376,146;45;24;6;4;
RZ22;8;InteractivePathPlanning;118,5;1;2;2211;727;False;True;MainView;1376,226;45;24;6;4;
RZ22;8;InteractivePathPlanning;118,6;1;2;2211;727;False;True;MainView;1376,226;45;24;6;4;
RZ22;8;InteractivePathPlanning;118,7;1;2;2211;727;False;True;MainView;1376,226;45;24;6;4;
RZ22;8;InteractivePathPlanning;118,8;1;2;2217;751;False;True;MainView;1376,928;45;24;6;4;
RZ22;8;InteractivePathPlanning;118,9;1;2;2217;751;False;True;MainView;1376,928;45;24;6;4;
RZ22;8;InteractivePathPlanning;119,0;1;2;2217;751;False;True;MainView;1376,928;45;24;6;4;
RZ22;8;InteractivePathPlanning;119,1;1;2;2217;751;False;True;MainView;1376,928;45;24;6;4;
RZ22;8;InteractivePathPlanning;119,2;1;2;2217;751;False;True;None;1376,928;45;24;6;4;
RZ22;8;InteractivePathPlanning;119,3;1;2;2217;751;False;True;MainView;1376,928;45;24;6;4;
RZ22;8;InteractivePathPlanning;119,4;1;2;2217;751;False;True;MainView;1376,928;45;24;6;4;
RZ22;8;InteractivePathPlanning;119,5;1;2;2217;751;False;True;MainView;1376,928;45;24;6;4;
RZ22;8;InteractivePathPlanning;119,6;1;2;2217;751;False;True;MainView;1376,928;45;24;6;4;
RZ22;8;InteractivePathPlanning;119,7;1;2;2217;751;False;True;MainView;1376,928;45;24;6;4;
RZ22;8;InteractivePathPlanning;119,8;1;2;2217;751;False;True;MainView;1376,928;45;24;6;4;
RZ22;8;InteractivePathPlanning;119,9;1;2;2217;751;False;True;MainView;1376,928;45;24;6;4;
